2	1
3	1
7	1
8	1
9	1
32	1
38	1
39	1
66	1
67	1
71	1
72	1
73	1
74	1
86	1
91	1
95	1
96	1
111	1
112	1
113	1
118	1
125	1
126	1
136	1
137	1
142	1
143	1
172	1
173	1
209	1
211	1
212	1
237	1
279	1
280	1
281	1
282	1
298	1
301	1
302	1
361	1
362	1
369	1
377	1
378	1
410	1
414	1
415	1
421	1
427	1
428	1
429	1
439	1
440	1
450	1
466	1
467	1
497	1
498	1
506	1
507	1
508	1
511	1
514	1
515	1
516	1
517	1
518	1
525	1
539	1
559	1
560	1
561	1
568	1
569	1
570	1
578	1
579	1
580	1
581	1
588	1
589	1
594	1
618	1
619	1
630	1
634	1
635	1
652	1
677	1
678	1
681	1
684	1
685	1
686	1
687	1
690	1
691	1
692	1
726	1
732	1
745	1
764	1
765	1
766	1
771	1
774	1
775	1
778	1
779	1
792	1
793	1
795	1
796	1
798	1
810	1
816	1
817	1
843	1
844	1
848	1
874	1
886	1
889	1
890	1
895	1
896	1
899	1
900	1
911	1
912	1
921	1
925	1
926	1
927	1
928	1
930	1
931	1
932	1
933	1
934	1
951	1
956	1
957	1
959	1
976	1
977	1
1014	1
1020	1
1026	1
1027	1
1028	1
1035	1
1038	1
1039	1
1040	1
1041	1
1063	1
1067	1
1068	1
1070	1
1071	1
1077	1
1086	1
1087	1
1089	1
1090	1
1091	1
1092	1
1117	1
1134	1
1135	1
1136	1
1140	1
1153	1
1155	1
1156	1
1190	1
1199	1
1202	1
1203	1
1204	1
1210	1
1263	1
1285	1
1327	1
1349	1
1355	1
1356	1
1360	1
1361	1
1365	1
1371	1
1376	1
1377	1
1385	1
1386	1
1397	1
1398	1
1400	1
1401	1
1402	1
1405	1
1426	1
1427	1
1428	1
1454	1
1457	1
1504	1
1506	1
1510	1
1523	1
1524	1
1526	1
1559	1
1560	1
1562	1
1570	1
1571	1
1572	1
1573	1
1574	1
1575	1
1581	1
1592	1
1593	1
1649	1
1657	1
1663	1
1664	1
1672	1
1681	1
1682	1
1713	1
1714	1
1716	1
1728	1
1730	1
1731	1
1770	1
1783	1
1802	1
1804	1
1805	1
1806	1
1807	1
1835	1
1836	1
1837	1
1838	1
1850	1
1851	1
1859	1
1860	1
1862	1
1863	1
1869	1
1870	1
1874	1
1875	1
1876	1
1884	1
1885	1
1891	1
1912	1
1913	1
1922	1
1924	1
1931	1
1932	1
1947	1
1948	1
1951	1
1961	1
1962	1
1964	1
1966	1
1971	1
1972	1
1977	1
1978	1
1980	1
1981	1
1989	1
1990	1
1993	1
1994	1
1998	1
1999	1
2000	1
2009	1
2010	1
2018	1
2070	1
2071	1
2077	1
2078	1
2092	1
2156	1
2184	1
2185	1
2186	1
2187	1
2188	1
2197	1
2198	1
2199	1
2227	1
2228	1
2229	1
2247	1
2248	1
2250	1
2251	1
2267	1
2276	1
2277	1
2281	1
2282	1
2290	1
2292	1
2305	1
2315	1
2316	1
2322	1
2323	1
2324	1
2326	1
2328	1
2329	1
2359	1
2360	1
2371	1
2372	1
2376	1
2377	1
2385	1
2386	1
2391	1
2423	1
2465	1
2522	1
2525	1
2529	1
2534	1
2562	1
2563	1
2582	1
2583	1
2584	1
2585	1
2586	1
2587	1
2589	1
2590	1
2598	1
2599	1
2604	1
2605	1
2606	1
2608	1
2611	1
2613	1
2614	1
2618	1
2619	1
2621	1
2622	1
2626	1
2627	1
2628	1
2630	1
2631	1
2633	1
2640	1
2642	1
2644	1
2649	1
2655	1
2656	1
2657	1
2658	1
2659	1
2673	1
2674	1
2683	1
2688	1
2698	1
2705	1
2731	1
2745	1
2746	1
2795	1
2798	1
2799	1
2810	1
2811	1
2812	1
2813	1
2814	1
2821	1
2822	1
2824	1
2825	1
2832	1
2833	1
2875	1
2876	1
2879	1
2885	1
2886	1
2900	1
2901	1
2903	1
2923	1
2930	1
2933	1
2967	1
2985	1
3011	1
3012	1
3016	1
3025	1
3026	1
3028	1
3029	1
3033	1
3041	1
3044	1
3045	1
3048	1
3068	1
3069	1
3075	1
3078	1
3079	1
3089	1
3096	1
3098	1
3099	1
3100	1
3101	1
3105	1
3111	1
3112	1
3123	1
3147	1
3148	1
3151	1
3152	1
3154	1
3155	1
3166	1
3169	1
3170	1
3171	1
3174	1
3182	1
3193	1
3217	1
3218	1
3222	1
3226	1
3227	1
3227	1
3228	1
3228	1
3233	1
3240	1
3241	1
3246	1
3249	1
3265	1
3268	1
3269	1
3308	1
3310	1
3347	1
3348	1
3351	1
3352	1
3378	1
3393	1
3394	1
3395	1
3398	1
3449	1
3452	1
3469	1
3472	1
3473	1
3474	1
3475	1
3477	1
3487	1
3499	1
3509	1
3510	1
3512	1
3513	1
3552	1
3553	1
3558	1
3560	1
3561	1
3566	1
3577	1
3590	1
3600	1
3643	1
3658	1
3661	1
3671	1
3678	1
3679	1
3683	1
3684	1
3705	1
3706	1
3707	1
3708	1
3724	1
3725	1
3726	1
3744	1
3745	1
3801	1
3802	1
3806	1
3807	1
3824	1
3845	1
3851	1
3852	1
3856	1
3858	1
3859	1
3876	1
3877	1
3882	1
3883	1
3891	1
3922	1
3923	1
3924	1
3925	1
3926	1
3930	1
3986	1
3987	1
3996	1
4013	1
4037	1
4056	1
4057	1
4064	1
4081	1
4082	1
4083	1
4086	1
4091	1
4092	1
4093	1
4094	1
4102	1
4103	1
4121	1
4122	1
4145	1
4146	1
4151	1
4155	1
4171	1
4172	1
4197	1
4200	1
4206	1
4208	1
4229	1
4239	1
4247	1
4256	1
4257	1
4267	1
4268	1
4269	1
4270	1
4273	1
4274	1
4334	1
4337	1
4364	1
4366	1
4367	1
4368	1
4369	1
4375	1
4393	1
4398	1
4399	1
4404	1
4406	1
4413	1
4420	1
4421	1
4422	1
4423	1
4442	1
4447	1
4450	1
4457	1
4458	1
4462	1
4473	1
4475	1
4482	1
4486	1
4492	1
4493	1
4527	1
4535	1
4541	1
4548	1
4552	1
4553	1
4554	1
4559	1
4560	1
4561	1
4562	1
4565	1
4566	1
4568	1
4569	1
4572	1
4582	1
4583	1
4589	1
4590	1
4607	1
4614	1
4615	1
4617	1
4618	1
4619	1
4620	1
4653	1
4655	1
4656	1
4665	1
4675	1
4676	1
4696	1
4699	1
4700	1
4706	1
4707	1
4708	1
4713	1
4714	1
4718	1
4720	1
4721	1
4741	1
4757	1
4759	1
4764	1
4765	1
4766	1
4767	1
4768	1
4782	1
4783	1
4786	1
4813	1
4831	1
4836	1
4837	1
4844	1
4845	1
4854	1
4855	1
4856	1
4859	1
4884	1
4885	1
4886	1
4908	1
4923	1
4924	1
4925	1
4928	1
4929	1
4938	1
4943	1
4956	1
4999	1
5009	1
5019	1
5020	1
5024	1
5025	1
5028	1
5029	1
5030	1
5031	1
5032	1
5033	1
5047	1
5049	1
5050	1
5056	1
5057	1
5060	1
5062	1
5063	1
5064	1
5081	1
5114	1
5126	1
5127	1
5128	1
5136	1
5137	1
5138	1
5139	1
5140	1
5143	1
5144	1
5147	1
5148	1
5153	1
5157	1
5161	1
5162	1
5163	1
5169	1
5170	1
5176	1
5185	1
5190	1
5209	1
5215	1
5216	1
5218	1
5219	1
5224	1
5225	1
5226	1
5227	1
5228	1
5229	1
5243	1
5244	1
5253	1
5254	1
5255	1
5256	1
5257	1
5262	1
5263	1
5266	1
5268	1
5272	1
5273	1
5275	1
5276	1
5277	1
5307	1
5315	1
5316	1
5319	1
5320	1
5321	1
5324	1
5325	1
5330	1
5332	1
5340	1
5357	1
5358	1
5377	1
5378	1
5379	1
5390	1
5409	1
5410	1
5415	1
5417	1
5423	1
5435	1
5440	1
5441	1
5442	1
5443	1
5448	1
5450	1
5451	1
5458	1
5469	1
5508	1
5509	1
5521	1
5530	1
5531	1
5536	1
5543	1
5544	1
5546	1
5547	1
5557	1
5558	1
5571	1
5572	1
5621	1
5625	1
5627	1
5628	1
5633	1
5634	1
5640	1
5647	1
5648	1
5666	1
5667	1
5673	1
5674	1
5706	1
5716	1
5718	1
5722	1
5800	1
5801	1
5802	1
5910	1
5912	1
5936	1
5937	1
5939	1
5958	1
5959	1
5968	1
5992	1
5995	1
6005	1
6006	1
6007	1
6008	1
6010	1
6011	1
6020	1
6023	1
6024	1
6036	1
6040	1
6041	1
6042	1
6043	1
6050	1
6051	1
6060	1
6061	1
6062	1
6065	1
6075	1
6079	1
6084	1
6085	1
6091	1
6092	1
6112	1
6142	1
6147	1
6148	1
6188	1
6194	1
6220	1
6221	1
6223	1
6234	1
6235	1
6244	1
6284	1
6286	1
6292	1
6343	1
6359	1
6360	1
6381	1
6387	1
6389	1
6390	1
6391	1
6396	1
6398	1
6399	1
6402	1
6403	1
6410	1
6411	1
6421	1
6438	1
6458	1
6467	1
6468	1
6493	1
6494	1
6529	1
6531	1
6542	1
6543	1
6546	1
6547	1
6548	1
6550	1
6551	1
6559	1
6575	1
6576	1
6600	1
6606	1
6620	1
6622	1
6623	1
6630	1
6663	1
6664	1
6667	1
6668	1
6694	1
6709	1
6716	1
6744	1
6766	1
6770	1
6771	1
6781	1
6800	1
6801	1
6815	1
6819	1
6824	1
6825	1
6826	1
6830	1
6845	1
6846	1
6847	1
6848	1
6852	1
6853	1
6878	1
6879	1
6880	1
6908	1
6909	1
6917	1
6929	1
6949	1
6954	1
6960	1
6961	1
6963	1
6977	1
6981	1
6989	1
6997	1
7001	1
7002	1
7007	1
7017	1
7030	1
7031	1
7035	1
7038	1
7043	1
7044	1
7046	1
7047	1
7049	1
7050	1
7069	1
7071	1
7075	1
7091	1
7122	1
7141	1
7143	1
7144	1
7161	1
7162	1
7164	1
7167	1
7168	1
7175	1
7176	1
7197	1
7198	1
7203	1
7204	1
7205	1
7209	1
7210	1
7211	1
7213	1
7224	1
7225	1
7246	1
7264	1
7265	1
7279	1
7282	1
7283	1
7284	1
7292	1
7319	1
7332	1
7333	1
7348	1
7349	1
7350	1
7353	1
7357	1
7358	1
7359	1
7365	1
7366	1
7367	1
7368	1
7369	1
7370	1
7371	1
7392	1
7393	1
7394	1
7407	1
7413	1
7417	1
7425	1
7427	1
7433	1
7434	1
7435	1
7436	1
7442	1
7446	1
7451	1
7452	1
7453	1
7454	1
7484	1
7497	1
7503	1
7504	1
7507	1
7512	1
7525	1
7526	1
7530	1
7531	1
7532	1
7536	1
7561	1
7562	1
7619	1
7620	1
7621	1
7622	1
7651	1
7662	1
7663	1
7674	1
7693	1
7694	1
7714	1
7718	1
7721	1
7722	1
7730	1
7746	1
7752	1
7753	1
7758	1
7759	1
7760	1
7761	1
7762	1
7763	1
7764	1
7765	1
7771	1
7772	1
7781	1
7782	1
7791	1
7792	1
7793	1
7806	1
7810	1
7812	1
7813	1
7815	1
7817	1
7818	1
7822	1
7823	1
7834	1
7835	1
7843	1
7855	1
7856	1
7857	1
7897	1
7898	1
7956	1
7957	1
7980	1
7981	1
7990	1
7998	1
7999	1
8034	1
8036	1
8037	1
8043	1
8067	1
8070	1
8072	1
8074	1
8075	1
8077	1
8089	1
8090	1
8091	1
8092	1
8100	1
8112	1
8128	1
8129	1
8142	1
8155	1
8158	1
8159	1
8160	1
8161	1
8162	1
8188	1
8197	1
8203	1
8222	1
8226	1
8228	1
8229	1
8233	1
8234	1
8242	1
8243	1
8247	1
8248	1
8250	1
8251	1
8252	1
8253	1
8267	1
8268	1
8269	1
8270	1
8271	1
8272	1
8276	1
8277	1
8280	1
8281	1
8307	1
8308	1
8323	1
8325	1
8326	1
8327	1
8335	1
8344	1
8360	1
8362	1
8363	1
8372	1
8373	1
8377	1
8382	1
8383	1
8397	1
8398	1
8590	1
8615	1
8616	1
8631	1
8632	1
8633	1
8634	1
8635	1
8670	1
8715	1
8717	1
8718	1
8760	1
8778	1
8791	1
8792	1
8816	1
8822	1
8834	1
8837	1
8839	1
8846	1
8854	1
8855	1
8865	1
8876	1
8877	1
8880	1
8881	1
8937	1
8939	1
8941	1
8942	1
8950	1
8952	1
8953	1
8983	1
8984	1
9052	1
9067	1
9068	1
9075	1
9077	1
9078	1
9083	1
9084	1
9091	1
9092	1
9097	1
9100	1
9109	1
9110	1
9111	1
9119	1
9120	1
9128	1
9130	1
9131	1
9132	1
9133	1
9134	1
9136	1
9137	1
9138	1
9143	1
9147	1
9148	1
9149	1
9150	1
9156	1
9160	1
9161	1
9162	1
9164	1
9165	1
9173	1
9178	1
9179	1
9183	1
9184	1
9186	1
9188	1
9189	1
9191	1
9192	1
9201	1
9217	1
9220	1
9221	1
9222	1
9225	1
9226	1
9227	1
9228	1
9229	1
9232	1
9233	1
9245	1
9246	1
9247	1
9248	1
9249	1
9251	1
9252	1
9257	1
9259	1
9262	1
9263	1
9264	1
9273	1
9274	1
9275	1
9278	1
9280	1
9281	1
9284	1
9286	1
9310	1
9311	1
9313	1
9315	1
9316	1
9322	1
9323	1
9332	1
9333	1
9341	1
9342	1
9345	1
9346	1
9346	1
9347	1
9347	1
9348	1
9349	1
9356	1
9357	1
9364	1
9372	1
9373	1
9375	1
9376	1
9377	1
9380	1
9405	1
9406	1
9408	1
9409	1
9410	1
9411	1
9412	1
9430	1
9431	1
9436	1
9437	1
9444	1
9467	1
9470	1
9472	1
9493	1
9497	1
9498	1
9499	1
9500	1
9501	1
9504	1
9555	1
9582	1
9609	1
9646	1
9663	1
9666	1
9667	1
9676	1
9682	1
9685	1
9694	1
9695	1
9711	1
9725	1
9749	1
9750	1
9754	1
9755	1
9757	1
9758	1
9777	1
9778	1
9785	1
9816	1
9847	1
9859	1
9860	1
9867	1
9885	1
9919	1
9920	1
9926	1
9927	1
9936	1
9938	1
9977	1
9989	1
10007	1
10010	1
10020	1
10021	1
10022	1
10035	1
10043	1
10044	1
10054	1
10059	1
10060	1
10061	1
10063	1
10064	1
10066	1
10070	1
10077	1
10099	1
10100	1
10101	1
10104	1
10154	1
10235	1
10263	1
10265	1
10274	1
10275	1
10282	1
10283	1
10289	1
10297	1
10312	1
10317	1
10318	1
10321	1
10322	1
10327	1
10328	1
10344	1
10345	1
10355	1
10382	1
10383	1
10384	1
10385	1
10386	1
10390	1
10396	1
10438	1
10461	1
10462	1
10491	1
10492	1
10543	1
10544	1
10594	1
10621	1
10649	1
10654	1
10657	1
10668	1
10669	1
10683	1
10686	1
10687	1
10690	1
10696	1
10697	1
10717	1
10718	1
10727	1
10728	1
10729	1
10745	1
10771	1
10772	1
10798	1
10801	1
10820	1
10826	1
10827	1
10830	1
10831	1
10834	1
10843	1
10848	1
10850	1
10851	1
10876	1
10896	1
10898	1
10899	1
10918	1
10919	1
10930	1
10936	1
10937	1
10938	1
10950	1
10960	1
10964	1
10966	1
10971	1
10972	1
10980	1
10984	1
10986	1
10987	1
10988	1
10991	1
10992	1
10999	1
11008	1
11031	1
11050	1
11059	1
11060	1
11061	1
11067	1
11086	1
11096	1
11100	1
11101	1
11104	1
11108	1
11109	1
11112	1
11113	1
11118	1
11160	1
11179	1
11181	1
11182	1
11193	1
11194	1
11197	1
11208	1
11214	1
11223	1
11224	1
11225	1
11237	1
11238	1
11241	1
11242	1
11244	1
11245	1
11261	1
11274	1
11297	1
11298	1
11311	1
11331	1
11357	1
11364	1
11365	1
11368	1
11388	1
11389	1
11413	1
11445	1
11450	1
11474	1
11475	1
11476	1
11477	1
11483	1
11510	1
11516	1
11539	1
11540	1
11542	1
11547	1
11578	1
11579	1
11582	1
11594	1
11595	1
11601	1
11623	1
11628	1
11629	1
11630	1
11641	1
11642	1
11645	1
11646	1
11648	1
11649	1
11664	1
11665	1
11666	1
11667	1
11672	1
11673	1
11674	1
11676	1
11677	1
11679	1
11680	1
11689	1
11693	1
11694	1
11724	1
11740	1
11741	1
11746	1
11747	1
11755	1
11761	1
11762	1
11769	1
11770	1
11776	1
11777	1
11778	1
11783	1
11787	1
11788	1
11790	1
11791	1
11793	1
11794	1
11800	1
11801	1
11805	1
11806	1
11814	1
11816	1
11817	1
11849	1
11850	1
11851	1
11867	1
11868	1
11871	1
11872	1
11893	1
11898	1
11899	1
11907	1
11917	1
11918	1
11919	1
11923	1
11924	1
11925	1
11926	1
11927	1
11928	1
11931	1
11933	1
11936	1
11937	1
11938	1
11940	1
11956	1
11971	1
11988	1
11989	1
11995	1
12013	1
12014	1
12027	1
12028	1
12034	1
12035	1
12046	1
12047	1
12050	1
12067	1
12076	1
12084	1
12086	1
12092	1
12093	1
12094	1
12095	1
12097	1
12098	1
12099	1
12117	1
12119	1
12120	1
12127	1
12128	1
12129	1
12137	1
12138	1
12139	1
12140	1
12141	1
12154	1
12155	1
12159	1
12160	1
12161	1
12162	1
12181	1
12185	1
12192	1
12202	1
12210	1
12213	1
12216	1
12217	1
12225	1
12245	1
12247	1
12258	1
12259	1
12267	1
12316	1
12317	1
12329	1
12343	1
12357	1
12358	1
12360	1
12361	1
12366	1
12367	1
12373	1
12374	1
12386	1
12388	1
12398	1
12399	1
12405	1
12407	1
12408	1
12409	1
12410	1
12411	1
12413	1
12414	1
12419	1
12436	1
12457	1
12458	1
12464	1
12467	1
12468	1
12491	1
12494	1
12526	1
12527	1
12528	1
12530	1
12531	1
12540	1
12541	1
12552	1
12560	1
12566	1
12567	1
12568	1
12571	1
12576	1
12604	1
12607	1
12626	1
12636	1
12643	1
12644	1
12645	1
12649	1
12651	1
12652	1
12653	1
12654	1
12657	1
12666	1
12687	1
12702	1
12703	1
12716	1
12726	1
12727	1
12731	1
12732	1
12764	1
12765	1
12766	1
12773	1
12774	1
12777	1
12778	1
12780	1
12785	1
12793	1
12799	1
12800	1
12802	1
12811	1
12812	1
12816	1
12834	1
12835	1
12842	1
12847	1
12851	1
12855	1
12859	1
12864	1
12892	1
12897	1
12901	1
12902	1
12903	1
12908	1
12909	1
12910	1
12935	1
12937	1
12943	1
12944	1
12945	1
12950	1
12951	1
12956	1
12957	1
12969	1
12970	1
12974	1
12975	1
12982	1
12983	1
12988	1
12989	1
12994	1
12996	1
12997	1
13033	1
13040	1
13043	1
13044	1
13058	1
13059	1
13064	1
13074	1
13075	1
13097	1
13104	1
13105	1
13106	1
13117	1
13129	1
13139	1
13145	1
13146	1
13152	1
13168	1
13198	1
13210	1
13211	1
13212	1
13216	1
13217	1
13218	1
13219	1
13220	1
13221	1
13236	1
13237	1
13239	1
13240	1
13243	1
13245	1
13247	1
13261	1
13262	1
13263	1
13265	1
13284	1
13286	1
13288	1
13291	1
13298	1
13303	1
13304	1
13309	1
13310	1
13313	1
13314	1
13328	1
13329	1
13336	1
13337	1
13342	1
13350	1
13352	1
13354	1
13355	1
13357	1
13359	1
13360	1
13361	1
13362	1
13363	1
13364	1
13365	1
13366	1
13367	1
13368	1
13369	1
13370	1
13371	1
13372	1
13373	1
13374	1
13375	1
13377	1
13378	1
13379	1
13386	1
13387	1
13398	1
13399	1
13413	1
13414	1
13426	1
13429	1
13430	1
13431	1
13439	1
13440	1
13453	1
13454	1
13463	1
13473	1
13474	1
13475	1
13476	1
13479	1
13480	1
13481	1
13482	1
13487	1
13514	1
13516	1
13522	1
13526	1
13539	1
13540	1
13541	1
13542	1
13544	1
13545	1
13548	1
13549	1
13551	1
13552	1
13568	1
13569	1
13579	1
13580	1
13603	1
13605	1
13615	1
13616	1
13622	1
13627	1
13651	1
13652	1
13681	1
13683	1
13684	1
13693	1
13694	1
13697	1
13699	1
13700	1
13704	1
13705	1
13706	1
13718	1
13719	1
13724	1
13726	1
13731	1
13732	1
13737	1
13738	1
13748	1
13749	1
13750	1
13751	1
13756	1
13775	1
13781	1
13784	1
13785	1
13787	1
13788	1
13802	1
13811	1
13819	1
13831	1
13832	1
13833	1
13834	1
13836	1
13841	1
13842	1
13843	1
13844	1
13845	1
13853	1
13858	1
13863	1
13900	1
13902	1
13908	1
13922	1
13923	1
13928	1
13929	1
13938	1
13952	1
14004	1
14008	1
14009	1
14014	1
14024	1
14025	1
14026	1
14031	1
14032	1
14034	1
14077	1
14078	1
14085	1
14089	1
14090	1
14093	1
14098	1
14099	1
14102	1
14103	1
14112	1
14113	1
14113	1
14121	1
14134	1
14135	1
14141	1
14157	1
14171	1
14190	1
14196	1
14205	1
14207	1
14208	1
14243	1
14245	1
14246	1
14248	1
14250	1
14251	1
14252	1
14254	1
14255	1
14258	1
14279	1
14320	1
14322	1
14328	1
14330	1
14331	1
14341	1
14344	1
14346	1
14347	1
14353	1
14362	1
14363	1
14366	1
14367	1
14368	1
14370	1
14371	1
14372	1
14375	1
14376	1
14377	1
14378	1
14379	1
14389	1
14390	1
14425	1
14426	1
14427	1
14446	1
14456	1
14460	1
14467	1
14472	1
14474	1
14484	1
14485	1
14487	1
14490	1
14491	1
14497	1
14498	1
14502	1
14503	1
14521	1
14530	1
14536	1
14542	1
14566	1
14567	1
14568	1
14572	1
14574	1
14575	1
14578	1
14608	1
14609	1
14610	1
14611	1
14616	1
14617	1
14618	1
14619	1
14636	1
14637	1
14641	1
14649	1
14653	1
14658	1
14673	1
14674	1
14685	1
14688	1
14690	1
14691	1
14695	1
14725	1
14726	1
14729	1
14737	1
14776	1
14778	1
14784	1
14786	1
14794	1
14795	1
14800	1
14804	1
14811	1
14812	1
14818	1
14819	1
14820	1
14821	1
14842	1
14843	1
14854	1
14855	1
14857	1
14858	1
14869	1
14872	1
14873	1
14893	1
14909	1
14920	1
14921	1
14922	1
14927	1
14935	1
14936	1
14939	1
14987	1
14994	1
14995	1
14999	1
15001	1
15004	1
15007	1
15014	1
15015	1
15027	1
15048	1
15051	1
15067	1
15069	1
15083	1
15097	1
15108	1
15111	1
15112	1
15116	1
15126	1
15127	1
15149	1
15150	1
15156	1
15168	1
15169	1
15172	1
15177	1
15179	1
15180	1
15190	1
15197	1
15210	1
15211	1
15221	1
15222	1
15232	1
15233	1
15236	1
15237	1
15238	1
15239	1
15269	1
15281	1
15312	1
15314	1
15315	1
15325	1
15326	1
15349	1
15357	1
15359	1
15360	1
15363	1
15370	1
15371	1
15382	1
15383	1
15384	1
15385	1
15388	1
15389	1
15390	1
15391	1
15407	1
15418	1
15419	1
15420	1
15452	1
15453	1
15463	1
15495	1
15508	1
15515	1
15516	1
15529	1
15530	1
15558	1
15560	1
15561	1
15567	1
15570	1
15576	1
15585	1
15586	1
15587	1
15588	1
15632	1
15655	1
15656	1
15657	1
15658	1
15659	1
15660	1
15674	1
15679	1
15686	1
15690	1
15712	1
15714	1
15716	1
15721	1
15756	1
15757	1
15758	1
15829	1
15830	1
15833	1
15834	1
15835	1
15842	1
15848	1
15872	1
15897	1
15898	1
15902	1
15905	1
15909	1
15910	1
15912	1
15913	1
15914	1
15922	1
15923	1
15924	1
15925	1
15926	1
15927	1
15928	1
15933	1
15934	1
15935	1
15945	1
15946	1
15953	1
15954	1
15965	1
15983	1
15984	1
15987	1
15994	1
15995	1
16025	1
16028	1
16046	1
16061	1
16084	1
16085	1
16114	1
16115	1
16129	1
16156	1
16175	1
16186	1
16215	1
16216	1
16217	1
16220	1
16223	1
16224	1
16250	1
16258	1
16259	1
16279	1
16280	1
16307	1
16316	1
16347	1
16348	1
16351	1
16354	1
16356	1
16357	1
16362	1
16364	1
16369	1
16370	1
16393	1
16398	1
16399	1
16402	1
16403	1
16422	1
16425	1
16426	1
16428	1
16442	1
16467	1
16479	1
16481	1
16509	1
16510	1
16513	1
16521	1
16522	1
16523	1
16524	1
16535	1
16536	1
16538	1
16539	1
16562	1
16563	1
16564	1
16566	1
16570	1
16571	1
16591	1
16598	1
16600	1
16601	1
16602	1
16609	1
16627	1
16629	1
16630	1
16631	1
16634	1
16635	1
16645	1
16670	1
16671	1
16672	1
16692	1
16693	1
16743	1
16744	1
16761	1
16766	1
16774	1
16775	1
16864	1
16865	1
16867	1
16895	1
16927	1
16929	1
16930	1
16946	1
16948	1
16956	1
16957	1
16972	1
16973	1
16982	1
16990	1
16993	1
16994	1
17002	1
17007	1
17060	1
17062	1
17064	1
17065	1
17067	1
17068	1
17071	1
17072	1
17074	1
17075	1
17076	1
17077	1
17078	1
17081	1
17082	1
17084	1
17089	1
17090	1
17094	1
17098	1
17102	1
17103	1
17109	1
17113	1
17114	1
17123	1
17124	1
17125	1
17129	1
17130	1
17137	1
17172	1
17175	1
17181	1
17185	1
17186	1
17190	1
17191	1
17192	1
17207	1
17210	1
17232	1
17244	1
17245	1
17247	1
17255	1
17256	1
17261	1
17262	1
17292	1
17314	1
17343	1
17346	1
17347	1
17352	1
17353	1
17372	1
17394	1
17395	1
17396	1
17401	1
17403	1
17412	1
17416	1
17417	1
17420	1
17421	1
17454	1
17457	1
17464	1
17477	1
17478	1
17479	1
17490	1
17494	1
17495	1
17498	1
17499	1
17505	1
17511	1
17517	1
17518	1
17525	1
17526	1
17528	1
17529	1
17530	1
17536	1
17537	1
17550	1
17551	1
17557	1
17559	1
17574	1
17590	1
17591	1
17594	1
17595	1
17596	1
17612	1
17616	1
17617	1
17620	1
17621	1
17626	1
17627	1
17632	1
17636	1
17660	1
17661	1
17665	1
17667	1
17671	1
17680	1
17691	1
17692	1
17693	1
17709	1
17710	1
17711	1
17712	1
17713	1
17714	1
17730	1
17739	1
17740	1
17748	1
17749	1
17751	1
17752	1
17756	1
17757	1
17758	1
17760	1
17761	1
17762	1
17764	1
17765	1
17771	1
17772	1
17786	1
17787	1
17788	1
17790	1
17829	1
17830	1
17831	1
17838	1
17841	1
17842	1
17850	1
17851	1
17856	1
17860	1
17870	1
17872	1
17873	1
17880	1
17882	1
17884	1
17893	1
17915	1
17920	1
17921	1
17936	1
17944	1
17945	1
17946	1
17966	1
17998	1
18001	1
18003	1
18047	1
18050	1
18053	1
18065	1
18066	1
18068	1
18069	1
18077	1
18078	1
18084	1
18128	1
18129	1
18132	1
18134	1
18139	1
18140	1
18167	1
18168	1
18201	1
18216	1
18217	1
18224	1
18243	1
18317	1
18323	1
18355	1
18356	1
5	2
13	2
18	2
40	2
44	2
50	2
63	2
68	2
78	2
93	2
108	2
169	2
180	2
191	2
363	2
399	2
436	2
446	2
449	2
489	2
494	2
501	2
512	2
544	2
599	2
600	2
607	2
615	2
623	2
713	2
720	2
763	2
767	2
768	2
773	2
789	2
819	2
832	2
834	2
836	2
859	2
861	2
881	2
883	2
891	2
898	2
903	2
929	2
939	2
942	2
1019	2
1036	2
1076	2
1082	2
1093	2
1114	2
1171	2
1182	2
1216	2
1274	2
1358	2
1404	2
1414	2
1461	2
1465	2
1474	2
1552	2
1584	2
1653	2
1658	2
1661	2
1727	2
1729	2
1744	2
1786	2
1790	2
1810	2
1824	2
1825	2
1846	2
1854	2
1892	2
1903	2
1910	2
1923	2
1944	2
1963	2
2005	2
2008	2
2041	2
2189	2
2279	2
2289	2
2310	2
2319	2
2348	2
2431	2
2442	2
2601	2
2602	2
2610	2
2612	2
2634	2
2636	2
2637	2
2645	2
2669	2
2760	2
2782	2
2872	2
3032	2
3047	2
3053	2
3064	2
3080	2
3088	2
3102	2
3185	2
3229	2
3379	2
3421	2
3423	2
3424	2
3434	2
3453	2
3588	2
3739	2
3742	2
3776	2
3785	2
3791	2
3821	2
3830	2
3870	2
3916	2
3918	2
3927	2
4027	2
4113	2
4117	2
4132	2
4143	2
4160	2
4161	2
4177	2
4378	2
4382	2
4476	2
4479	2
4487	2
4495	2
4502	2
4505	2
4506	2
4531	2
4799	2
4800	2
4994	2
5016	2
5021	2
5044	2
5045	2
5048	2
5142	2
5166	2
5168	2
5175	2
5231	2
5306	2
5313	2
5359	2
5391	2
5395	2
5691	2
5782	2
5867	2
6037	2
6076	2
6116	2
6133	2
6350	2
6367	2
6372	2
6442	2
6469	2
6549	2
6602	2
6843	2
6857	2
6858	2
6883	2
7053	2
7066	2
7097	2
7119	2
7253	2
7299	2
7336	2
7337	2
7345	2
7347	2
7406	2
7481	2
7626	2
7720	2
7729	2
7731	2
7740	2
7802	2
7807	2
7838	2
7842	2
8020	2
8058	2
8086	2
8191	2
8240	2
8282	2
8283	2
8350	2
8399	2
8400	2
8661	2
8683	2
8703	2
8704	2
8814	2
8831	2
8843	2
8872	2
8875	2
8878	2
8886	2
8904	2
8911	2
8972	2
9047	2
9105	2
9106	2
9140	2
9155	2
9163	2
9174	2
9187	2
9190	2
9199	2
9211	2
9239	2
9258	2
9269	2
9279	2
9282	2
9285	2
9287	2
9288	2
9293	2
9413	2
9433	2
9442	2
9490	2
9505	2
9637	2
9638	2
9644	2
9661	2
9665	2
9675	2
9687	2
10098	2
10285	2
10307	2
10309	2
10352	2
10365	2
10454	2
10457	2
10459	2
10489	2
10542	2
10573	2
10596	2
10757	2
10760	2
10762	2
10766	2
10767	2
10794	2
10823	2
10863	2
10888	2
10913	2
10915	2
11005	2
11012	2
11055	2
11058	2
11069	2
11070	2
11084	2
11088	2
11127	2
11157	2
11163	2
11191	2
11263	2
11303	2
11428	2
11469	2
11471	2
11536	2
11538	2
11551	2
11626	2
11640	2
11675	2
11697	2
11734	2
11771	2
11845	2
11870	2
11920	2
11970	2
12005	2
12058	2
12060	2
12136	2
12143	2
12230	2
12277	2
12340	2
12350	2
12537	2
12569	2
12570	2
12575	2
12660	2
12671	2
12742	2
12769	2
12772	2
12858	2
12884	2
12891	2
12976	2
12984	2
12985	2
12987	2
13042	2
13102	2
13109	2
13134	2
13135	2
13143	2
13205	2
13227	2
13248	2
13249	2
13278	2
13299	2
13331	2
13332	2
13349	2
13358	2
13409	2
13415	2
13441	2
13455	2
13488	2
13511	2
13520	2
13523	2
13524	2
13529	2
13535	2
13550	2
13556	2
13559	2
13564	2
13576	2
13637	2
13641	2
13676	2
13689	2
13725	2
13734	2
13791	2
13795	2
13826	2
13919	2
14027	2
14053	2
14054	2
14061	2
14096	2
14176	2
14351	2
14365	2
14448	2
14675	2
14677	2
14692	2
14718	2
14862	2
15013	2
15032	2
15333	2
15416	2
15615	2
15689	2
15692	2
15828	2
15887	2
15911	2
15919	2
16135	2
16141	2
16208	2
16278	2
16298	2
16326	2
16338	2
16339	2
16349	2
16396	2
16507	2
16560	2
16561	2
16733	2
16777	2
16790	2
16898	2
17030	2
17051	2
17061	2
17196	2
17202	2
17241	2
17375	2
17378	2
17501	2
17503	2
17509	2
17534	2
17545	2
17732	2
17798	2
17910	2
17918	2
17926	2
17934	2
17953	2
18055	2
18057	2
14	3
28	3
29	3
53	3
69	3
89	3
99	3
100	3
110	3
186	3
187	3
310	3
342	3
448	3
454	3
456	3
457	3
583	3
601	3
624	3
625	3
631	3
632	3
633	3
636	3
722	3
723	3
724	3
746	3
790	3
791	3
806	3
812	3
838	3
839	3
841	3
842	3
845	3
857	3
870	3
871	3
875	3
876	3
882	3
971	3
1021	3
1037	3
1047	3
1069	3
1088	3
1098	3
1101	3
1179	3
1200	3
1342	3
1354	3
1359	3
1372	3
1406	3
1407	3
1463	3
1485	3
1486	3
1534	3
1535	3
1561	3
1576	3
1578	3
1579	3
1684	3
1701	3
1763	3
1784	3
1801	3
1921	3
1937	3
1946	3
1965	3
1979	3
2017	3
2075	3
2139	3
2219	3
2266	3
2271	3
2296	3
2321	3
2436	3
2456	3
2469	3
2470	3
2588	3
2595	3
2600	3
2609	3
2616	3
2623	3
2629	3
2635	3
2646	3
2680	3
2774	3
2776	3
2808	3
2827	3
2845	3
2898	3
2968	3
2975	3
3014	3
3015	3
3023	3
3024	3
3046	3
3130	3
3131	3
3168	3
3202	3
3350	3
3356	3
3556	3
3557	3
3578	3
3586	3
3587	3
3646	3
3656	3
3768	3
3770	3
3808	3
3829	3
3843	3
3848	3
3854	3
3945	3
4052	3
4114	3
4129	3
4130	3
4218	3
4276	3
4281	3
4283	3
4373	3
4381	3
4411	3
4456	3
4488	3
4514	3
4581	3
4591	3
4662	3
4710	3
4717	3
4787	3
4788	3
4832	3
4882	3
4887	3
4907	3
5017	3
5018	3
5043	3
5124	3
5134	3
5135	3
5141	3
5145	3
5146	3
5149	3
5150	3
5152	3
5159	3
5160	3
5165	3
5232	3
5247	3
5249	3
5376	3
5383	3
5389	3
5397	3
5453	3
5728	3
5779	3
5799	3
5805	3
5806	3
5834	3
6018	3
6034	3
6035	3
6052	3
6053	3
6055	3
6070	3
6072	3
6161	3
6162	3
6348	3
6358	3
6383	3
6384	3
6427	3
6475	3
6489	3
6521	3
6523	3
6556	3
6570	3
6571	3
6659	3
6888	3
6923	3
6938	3
6951	3
6999	3
7121	3
7151	3
7186	3
7207	3
7208	3
7212	3
7223	3
7236	3
7237	3
7238	3
7254	3
7261	3
7268	3
7269	3
7342	3
7354	3
7356	3
7480	3
7502	3
7506	3
7516	3
7517	3
7645	3
7686	3
7689	3
7723	3
7732	3
7766	3
7767	3
7783	3
7784	3
7788	3
7800	3
7801	3
7808	3
7809	3
7844	3
7886	3
7972	3
7997	3
8230	3
8244	3
8245	3
8246	3
8346	3
8358	3
8593	3
8605	3
8610	3
8671	3
8719	3
8838	3
8860	3
8868	3
8874	3
8887	3
8896	3
8903	3
8920	3
9008	3
9021	3
9057	3
9101	3
9103	3
9107	3
9108	3
9114	3
9115	3
9118	3
9122	3
9151	3
9153	3
9154	3
9158	3
9170	3
9171	3
9182	3
9213	3
9215	3
9219	3
9271	3
9277	3
9309	3
9321	3
9339	3
9352	3
9495	3
9552	3
9566	3
9595	3
9648	3
9683	3
9684	3
9688	3
9743	3
9744	3
9802	3
9928	3
9932	3
10065	3
10068	3
10069	3
10097	3
10290	3
10291	3
10311	3
10326	3
10374	3
10429	3
10431	3
10432	3
10433	3
10451	3
10463	3
10482	3
10483	3
10512	3
10547	3
10572	3
10585	3
10593	3
10752	3
10758	3
10796	3
10797	3
10803	3
10808	3
10944	3
10979	3
11218	3
11292	3
11347	3
11361	3
11473	3
11478	3
11479	3
11480	3
11486	3
11511	3
11581	3
11789	3
11792	3
11955	3
12043	3
12104	3
12224	3
12226	3
12227	3
12315	3
12647	3
12648	3
12650	3
12683	3
12717	3
12861	3
12862	3
12871	3
12896	3
12928	3
12929	3
12961	3
12962	3
12963	3
12966	3
13101	3
13178	3
13199	3
13238	3
13264	3
13301	3
13339	3
13346	3
13368	3
13411	3
13412	3
13419	3
13420	3
13421	3
13428	3
13434	3
13448	3
13449	3
13451	3
13457	3
13458	3
13461	3
13462	3
13469	3
13485	3
13486	3
13497	3
13499	3
13525	3
13532	3
13566	3
13567	3
13578	3
13581	3
13612	3
13680	3
13688	3
13691	3
13727	3
13729	3
13733	3
13739	3
13783	3
13790	3
13808	3
13827	3
13855	3
13857	3
14007	3
14010	3
14011	3
14012	3
14019	3
14140	3
14148	3
14247	3
14264	3
14333	3
14374	3
14398	3
14401	3
14424	3
14449	3
14462	3
14464	3
14465	3
14466	3
14473	3
14634	3
14635	3
14765	3
14779	3
14780	3
14783	3
14792	3
14966	3
14967	3
14976	3
15000	3
15008	3
15031	3
15056	3
15065	3
15066	3
15103	3
15175	3
15176	3
15235	3
15241	3
15242	3
15298	3
15421	3
15464	3
15509	3
15591	3
15654	3
15675	3
15845	3
15846	3
15847	3
15949	3
16076	3
16122	3
16154	3
16246	3
16265	3
16289	3
16300	3
16333	3
16378	3
16397	3
16420	3
16462	3
16468	3
16499	3
16599	3
16607	3
16610	3
16646	3
16987	3
17063	3
17131	3
17132	3
17188	3
17189	3
17254	3
17268	3
17297	3
17320	3
17333	3
17336	3
17344	3
17382	3
17383	3
17384	3
17402	3
17441	3
17451	3
17452	3
17460	3
17462	3
17516	3
17524	3
17540	3
17648	3
17650	3
17651	3
17737	3
17738	3
17781	3
17784	3
17801	3
17828	3
17834	3
17859	3
17881	3
17888	3
17911	3
17912	3
17935	3
17937	3
17942	3
17970	3
18070	3
18085	3
18091	3
18094	3
18095	3
18111	3
18145	3
18236	3
109	4
200	4
228	4
317	4
318	4
398	4
408	4
455	4
474	4
477	4
481	4
484	4
486	4
488	4
495	4
558	4
565	4
591	4
603	4
640	4
642	4
645	4
689	4
714	4
718	4
731	4
733	4
735	4
737	4
740	4
743	4
821	4
865	4
868	4
869	4
914	4
936	4
982	4
984	4
1009	4
1013	4
1103	4
1105	4
1107	4
1160	4
1209	4
1217	4
1236	4
1237	4
1258	4
1266	4
1278	4
1303	4
1313	4
1314	4
1322	4
1324	4
1325	4
1340	4
1362	4
1368	4
1391	4
1394	4
1409	4
1443	4
1447	4
1533	4
1597	4
1602	4
1605	4
1611	4
1615	4
1617	4
1634	4
1637	4
1639	4
1654	4
1699	4
1781	4
1813	4
1858	4
1900	4
1906	4
1949	4
1960	4
1997	4
2056	4
2084	4
2110	4
2123	4
2127	4
2134	4
2137	4
2148	4
2159	4
2169	4
2173	4
2215	4
2313	4
2318	4
2400	4
2422	4
2427	4
2428	4
2429	4
2444	4
2445	4
2453	4
2472	4
2483	4
2493	4
2499	4
2508	4
2531	4
2596	4
2625	4
2660	4
2681	4
2682	4
2740	4
2752	4
2753	4
2754	4
2759	4
2761	4
2785	4
2823	4
2858	4
2897	4
2913	4
2915	4
2922	4
2946	4
2950	4
2955	4
2956	4
2972	4
3049	4
3065	4
3067	4
3077	4
3132	4
3158	4
3183	4
3184	4
3197	4
3203	4
3323	4
3332	4
3369	4
3371	4
3430	4
3463	4
3574	4
3603	4
3628	4
3655	4
3840	4
3847	4
3879	4
3900	4
3917	4
3933	4
3951	4
3973	4
3984	4
4014	4
4015	4
4054	4
4058	4
4104	4
4111	4
4188	4
4216	4
4244	4
4278	4
4284	4
4353	4
4371	4
4410	4
4526	4
4538	4
4575	4
4716	4
4725	4
4739	4
4749	4
4801	4
4817	4
4820	4
4858	4
4881	4
4903	4
4904	4
4905	4
4937	4
5011	4
5052	4
5061	4
5132	4
5167	4
5181	4
5191	4
5192	4
5194	4
5204	4
5251	4
5251	4
5261	4
5264	4
5392	4
5427	4
5537	4
5679	4
5727	4
5770	4
5783	4
5798	4
5807	4
5811	4
5824	4
5825	4
5876	4
5896	4
5920	4
5946	4
6054	4
6137	4
6149	4
6271	4
6320	4
6355	4
6394	4
6483	4
6522	4
6635	4
6689	4
6710	4
6885	4
6914	4
7081	4
7086	4
7117	4
7118	4
7219	4
7221	4
7226	4
7352	4
7355	4
7377	4
7462	4
7476	4
7478	4
7550	4
7551	4
7564	4
7565	4
7566	4
7570	4
7592	4
7600	4
7602	4
7617	4
7627	4
7628	4
7647	4
7652	4
7683	4
7687	4
7706	4
7737	4
7787	4
7877	4
7894	4
7913	4
7973	4
8023	4
8087	4
8130	4
8190	4
8232	4
8235	4
8249	4
8284	4
8310	4
8318	4
8324	4
8433	4
8439	4
8473	4
8494	4
8511	4
8531	4
8550	4
8597	4
8604	4
8694	4
8709	4
8711	4
8712	4
8759	4
8812	4
8817	4
8907	4
8908	4
8991	4
9025	4
9069	4
9082	4
9135	4
9157	4
9231	4
9254	4
9296	4
9304	4
9317	4
9320	4
9365	4
9387	4
9388	4
9407	4
9429	4
9440	4
9502	4
9507	4
9509	4
9537	4
9547	4
9585	4
9613	4
9631	4
9635	4
9647	4
9689	4
9692	4
9735	4
9784	4
9785	4
9786	4
9789	4
9794	4
9805	4
9824	4
9837	4
9838	4
9930	4
9937	4
9984	4
10018	4
10047	4
10056	4
10083	4
10096	4
10118	4
10122	4
10195	4
10316	4
10473	4
10475	4
10539	4
10600	4
10782	4
10785	4
10792	4
10819	4
10824	4
10845	4
10849	4
10889	4
10891	4
10894	4
10929	4
10943	4
10974	4
10985	4
11019	4
11028	4
11030	4
11076	4
11079	4
11110	4
11122	4
11177	4
11180	4
11186	4
11268	4
11283	4
11324	4
11379	4
11380	4
11381	4
11472	4
11482	4
11543	4
11552	4
11567	4
11678	4
11749	4
11816	4
11817	4
11860	4
11929	4
12000	4
12065	4
12178	4
12204	4
12275	4
12307	4
12309	4
12314	4
12330	4
12346	4
12348	4
12351	4
12359	4
12363	4
12387	4
12412	4
12443	4
12523	4
12658	4
12659	4
12680	4
12770	4
12798	4
12866	4
12906	4
12926	4
12932	4
13069	4
13136	4
13137	4
13138	4
13151	4
13157	4
13161	4
13164	4
13179	4
13204	4
13222	4
13235	4
13246	4
13250	4
13270	4
13277	4
13280	4
13319	4
13322	4
13338	4
13347	4
13369	4
13402	4
13417	4
13425	4
13456	4
13459	4
13477	4
13478	4
13484	4
13489	4
13490	4
13494	4
13501	4
13509	4
13515	4
13546	4
13560	4
13588	4
13647	4
13650	4
13654	4
13655	4
13696	4
13714	4
13736	4
13782	4
13800	4
13856	4
13867	4
13902	4
13956	4
13958	4
14021	4
14076	4
14143	4
14185	4
14194	4
14238	4
14284	4
14285	4
14293	4
14304	4
14306	4
14313	4
14316	4
14410	4
14434	4
14444	4
14453	4
14540	4
14545	4
14552	4
14554	4
14560	4
14597	4
14605	4
14613	4
14770	4
14810	4
14833	4
14865	4
14975	4
15026	4
15105	4
15113	4
15184	4
15295	4
15300	4
15320	4
15502	4
15590	4
15592	4
15650	4
15651	4
15653	4
15661	4
15681	4
15693	4
15707	4
15732	4
15745	4
15808	4
15814	4
15815	4
15868	4
15874	4
15875	4
15876	4
15877	4
15884	4
15885	4
15918	4
15939	4
15940	4
15970	4
16018	4
16033	4
16111	4
16127	4
16140	4
16145	4
16169	4
16174	4
16219	4
16355	4
16377	4
16392	4
16414	4
16424	4
16488	4
16545	4
16549	4
16736	4
16755	4
16771	4
16806	4
16814	4
16934	4
16941	4
16950	4
17003	4
17029	4
17031	4
17040	4
17046	4
17047	4
17048	4
17054	4
17115	4
17160	4
17246	4
17248	4
17249	4
17327	4
17331	4
17339	4
17393	4
17435	4
17439	4
17440	4
17449	4
17450	4
17459	4
17475	4
17476	4
17523	4
17611	4
17688	4
17707	4
17899	4
17916	4
17963	4
18048	4
18083	4
18112	4
18144	4
18157	4
3	5
9	5
11	5
25	5
31	5
35	5
39	5
41	5
66	5
71	5
74	5
85	5
87	5
90	5
96	5
112	5
115	5
116	5
117	5
126	5
134	5
136	5
142	5
151	5
159	5
162	5
168	5
170	5
173	5
194	5
195	5
199	5
205	5
211	5
223	5
225	5
232	5
233	5
246	5
249	5
250	5
258	5
259	5
260	5
265	5
281	5
283	5
285	5
291	5
296	5
305	5
310	5
325	5
326	5
329	5
333	5
336	5
337	5
338	5
353	5
356	5
357	5
362	5
364	5
368	5
376	5
378	5
380	5
381	5
386	5
387	5
394	5
410	5
424	5
427	5
429	5
434	5
440	5
465	5
467	5
468	5
498	5
506	5
509	5
513	5
514	5
518	5
521	5
522	5
528	5
533	5
535	5
538	5
542	5
550	5
561	5
562	5
563	5
569	5
577	5
579	5
580	5
585	5
586	5
588	5
594	5
598	5
604	5
618	5
635	5
641	5
678	5
684	5
687	5
692	5
698	5
699	5
759	5
765	5
775	5
779	5
796	5
798	5
805	5
817	5
844	5
853	5
856	5
872	5
889	5
896	5
900	5
904	5
912	5
923	5
928	5
931	5
932	5
934	5
945	5
946	5
948	5
952	5
953	5
955	5
964	5
969	5
970	5
972	5
974	5
976	5
1020	5
1026	5
1035	5
1039	5
1048	5
1052	5
1057	5
1063	5
1067	5
1070	5
1086	5
1092	5
1095	5
1118	5
1130	5
1132	5
1133	5
1141	5
1143	5
1155	5
1166	5
1172	5
1173	5
1180	5
1190	5
1191	5
1194	5
1201	5
1203	5
1204	5
1208	5
1221	5
1222	5
1223	5
1226	5
1270	5
1273	5
1334	5
1339	5
1356	5
1361	5
1363	5
1365	5
1367	5
1370	5
1376	5
1386	5
1397	5
1400	5
1403	5
1410	5
1417	5
1420	5
1422	5
1428	5
1446	5
1451	5
1453	5
1454	5
1455	5
1456	5
1459	5
1460	5
1475	5
1484	5
1488	5
1504	5
1512	5
1519	5
1524	5
1530	5
1539	5
1547	5
1556	5
1557	5
1558	5
1562	5
1571	5
1573	5
1575	5
1593	5
1647	5
1649	5
1652	5
1664	5
1671	5
1673	5
1681	5
1686	5
1705	5
1706	5
1714	5
1720	5
1723	5
1726	5
1731	5
1736	5
1751	5
1755	5
1756	5
1758	5
1760	5
1764	5
1773	5
1776	5
1780	5
1785	5
1788	5
1789	5
1791	5
1804	5
1807	5
1809	5
1811	5
1826	5
1832	5
1834	5
1836	5
1837	5
1839	5
1840	5
1842	5
1844	5
1845	5
1848	5
1851	5
1853	5
1860	5
1863	5
1868	5
1869	5
1873	5
1877	5
1884	5
1891	5
1896	5
1897	5
1911	5
1918	5
1924	5
1929	5
1931	5
1935	5
1942	5
1947	5
1950	5
1951	5
1954	5
1955	5
1957	5
1962	5
1966	5
1970	5
1972	5
1973	5
1975	5
1977	5
1978	5
1993	5
1995	5
1998	5
1999	5
2010	5
2018	5
2059	5
2066	5
2068	5
2071	5
2078	5
2092	5
2117	5
2156	5
2174	5
2176	5
2177	5
2183	5
2184	5
2197	5
2198	5
2210	5
2220	5
2229	5
2248	5
2251	5
2258	5
2273	5
2277	5
2278	5
2280	5
2282	5
2283	5
2284	5
2286	5
2290	5
2291	5
2292	5
2293	5
2297	5
2298	5
2299	5
2300	5
2302	5
2303	5
2304	5
2306	5
2307	5
2308	5
2309	5
2316	5
2320	5
2324	5
2325	5
2327	5
2329	5
2340	5
2343	5
2344	5
2347	5
2359	5
2371	5
2382	5
2385	5
2388	5
2407	5
2408	5
2409	5
2411	5
2447	5
2454	5
2459	5
2460	5
2465	5
2470	5
2471	5
2473	5
2474	5
2475	5
2480	5
2487	5
2525	5
2530	5
2538	5
2541	5
2542	5
2545	5
2546	5
2547	5
2548	5
2549	5
2553	5
2554	5
2560	5
2561	5
2563	5
2565	5
2566	5
2568	5
2579	5
2586	5
2587	5
2589	5
2599	5
2607	5
2613	5
2619	5
2639	5
2644	5
2649	5
2655	5
2659	5
2664	5
2671	5
2674	5
2686	5
2689	5
2691	5
2698	5
2699	5
2702	5
2703	5
2722	5
2724	5
2745	5
2747	5
2749	5
2750	5
2762	5
2763	5
2777	5
2779	5
2781	5
2786	5
2791	5
2798	5
2805	5
2811	5
2813	5
2820	5
2822	5
2825	5
2834	5
2838	5
2840	5
2841	5
2875	5
2883	5
2885	5
2894	5
2900	5
2905	5
2906	5
2907	5
2908	5
2931	5
2932	5
2967	5
2985	5
2987	5
2999	5
3005	5
3008	5
3009	5
3012	5
3022	5
3026	5
3027	5
3028	5
3034	5
3036	5
3040	5
3043	5
3044	5
3048	5
3060	5
3063	5
3069	5
3073	5
3074	5
3079	5
3087	5
3096	5
3097	5
3098	5
3102	5
3103	5
3104	5
3105	5
3112	5
3115	5
3116	5
3117	5
3118	5
3119	5
3135	5
3146	5
3147	5
3151	5
3155	5
3156	5
3163	5
3165	5
3167	5
3171	5
3175	5
3180	5
3181	5
3199	5
3207	5
3209	5
3211	5
3213	5
3216	5
3217	5
3226	5
3233	5
3248	5
3249	5
3270	5
3287	5
3303	5
3304	5
3308	5
3314	5
3316	5
3317	5
3323	5
3347	5
3349	5
3352	5
3354	5
3355	5
3357	5
3358	5
3361	5
3362	5
3363	5
3365	5
3382	5
3391	5
3393	5
3399	5
3412	5
3441	5
3444	5
3451	5
3465	5
3466	5
3469	5
3471	5
3472	5
3473	5
3476	5
3487	5
3488	5
3489	5
3490	5
3493	5
3495	5
3501	5
3502	5
3503	5
3506	5
3507	5
3508	5
3510	5
3511	5
3512	5
3522	5
3526	5
3533	5
3535	5
3541	5
3552	5
3559	5
3561	5
3562	5
3565	5
3566	5
3567	5
3568	5
3569	5
3577	5
3585	5
3589	5
3598	5
3611	5
3643	5
3660	5
3661	5
3664	5
3672	5
3673	5
3674	5
3675	5
3679	5
3680	5
3684	5
3688	5
3690	5
3691	5
3693	5
3694	5
3705	5
3707	5
3710	5
3711	5
3712	5
3713	5
3714	5
3715	5
3716	5
3720	5
3721	5
3724	5
3726	5
3732	5
3740	5
3741	5
3743	5
3744	5
3764	5
3765	5
3766	5
3767	5
3774	5
3792	5
3793	5
3795	5
3801	5
3803	5
3804	5
3807	5
3851	5
3859	5
3863	5
3869	5
3872	5
3877	5
3880	5
3883	5
3890	5
3896	5
3898	5
3901	5
3906	5
3908	5
3912	5
3913	5
3915	5
3923	5
3924	5
3946	5
3950	5
3958	5
3979	5
3985	5
3987	5
3997	5
4007	5
4019	5
4022	5
4025	5
4034	5
4044	5
4048	5
4049	5
4050	5
4057	5
4064	5
4079	5
4081	5
4084	5
4085	5
4086	5
4088	5
4090	5
4091	5
4094	5
4107	5
4108	5
4118	5
4120	5
4122	5
4145	5
4152	5
4153	5
4154	5
4155	5
4156	5
4157	5
4158	5
4163	5
4164	5
4172	5
4173	5
4178	5
4179	5
4180	5
4183	5
4186	5
4189	5
4206	5
4208	5
4229	5
4234	5
4247	5
4249	5
4257	5
4263	5
4266	5
4267	5
4270	5
4272	5
4274	5
4282	5
4288	5
4290	5
4294	5
4295	5
4297	5
4304	5
4306	5
4307	5
4312	5
4315	5
4316	5
4321	5
4327	5
4330	5
4339	5
4340	5
4346	5
4347	5
4352	5
4358	5
4363	5
4367	5
4374	5
4379	5
4384	5
4385	5
4386	5
4387	5
4388	5
4389	5
4394	5
4395	5
4399	5
4401	5
4402	5
4403	5
4404	5
4423	5
4432	5
4437	5
4439	5
4445	5
4458	5
4459	5
4463	5
4465	5
4466	5
4467	5
4468	5
4472	5
4478	5
4489	5
4491	5
4493	5
4510	5
4516	5
4521	5
4528	5
4540	5
4544	5
4546	5
4547	5
4552	5
4554	5
4561	5
4562	5
4563	5
4566	5
4576	5
4577	5
4583	5
4589	5
4594	5
4600	5
4604	5
4609	5
4612	5
4613	5
4614	5
4615	5
4617	5
4626	5
4635	5
4640	5
4643	5
4648	5
4654	5
4656	5
4657	5
4667	5
4671	5
4673	5
4674	5
4676	5
4677	5
4678	5
4679	5
4680	5
4682	5
4685	5
4687	5
4688	5
4689	5
4690	5
4691	5
4694	5
4696	5
4700	5
4707	5
4708	5
4713	5
4717	5
4721	5
4741	5
4752	5
4753	5
4754	5
4757	5
4758	5
4766	5
4774	5
4777	5
4781	5
4783	5
4784	5
4789	5
4792	5
4794	5
4795	5
4797	5
4802	5
4805	5
4807	5
4813	5
4818	5
4819	5
4821	5
4823	5
4827	5
4829	5
4830	5
4836	5
4839	5
4844	5
4854	5
4855	5
4868	5
4871	5
4872	5
4873	5
4876	5
4884	5
4891	5
4892	5
4893	5
4895	5
4896	5
4897	5
4906	5
4910	5
4916	5
4922	5
4923	5
4924	5
4925	5
4950	5
4952	5
4958	5
4961	5
4962	5
4974	5
4978	5
4982	5
4989	5
5002	5
5004	5
5009	5
5010	5
5013	5
5025	5
5029	5
5031	5
5033	5
5040	5
5042	5
5046	5
5050	5
5055	5
5057	5
5060	5
5063	5
5105	5
5113	5
5125	5
5137	5
5140	5
5144	5
5148	5
5153	5
5161	5
5163	5
5172	5
5183	5
5196	5
5198	5
5201	5
5206	5
5207	5
5208	5
5210	5
5214	5
5216	5
5219	5
5225	5
5226	5
5228	5
5238	5
5241	5
5244	5
5253	5
5257	5
5260	5
5262	5
5266	5
5267	5
5272	5
5276	5
5279	5
5283	5
5284	5
5285	5
5289	5
5295	5
5298	5
5299	5
5315	5
5321	5
5331	5
5348	5
5358	5
5367	5
5375	5
5377	5
5379	5
5380	5
5381	5
5393	5
5394	5
5398	5
5403	5
5406	5
5415	5
5418	5
5435	5
5436	5
5437	5
5439	5
5440	5
5443	5
5448	5
5450	5
5466	5
5467	5
5468	5
5476	5
5477	5
5478	5
5479	5
5508	5
5509	5
5510	5
5513	5
5529	5
5544	5
5545	5
5546	5
5547	5
5551	5
5553	5
5554	5
5557	5
5560	5
5572	5
5585	5
5588	5
5590	5
5611	5
5612	5
5614	5
5621	5
5622	5
5624	5
5628	5
5630	5
5632	5
5634	5
5635	5
5641	5
5643	5
5647	5
5661	5
5667	5
5668	5
5673	5
5683	5
5702	5
5703	5
5704	5
5710	5
5713	5
5716	5
5726	5
5733	5
5734	5
5758	5
5759	5
5762	5
5771	5
5790	5
5791	5
5794	5
5795	5
5836	5
5844	5
5850	5
5851	5
5859	5
5860	5
5865	5
5875	5
5884	5
5892	5
5894	5
5905	5
5910	5
5916	5
5917	5
5933	5
5934	5
5937	5
5942	5
5944	5
5948	5
5949	5
5953	5
5954	5
5957	5
5959	5
5960	5
5962	5
5966	5
5983	5
5994	5
6006	5
6008	5
6011	5
6012	5
6013	5
6014	5
6017	5
6021	5
6024	5
6027	5
6042	5
6045	5
6051	5
6062	5
6071	5
6073	5
6075	5
6077	5
6078	5
6079	5
6083	5
6086	5
6089	5
6090	5
6091	5
6094	5
6101	5
6111	5
6120	5
6147	5
6170	5
6171	5
6183	5
6184	5
6186	5
6188	5
6209	5
6212	5
6214	5
6215	5
6219	5
6221	5
6232	5
6234	5
6259	5
6262	5
6268	5
6281	5
6287	5
6288	5
6295	5
6305	5
6325	5
6327	5
6333	5
6339	5
6341	5
6342	5
6343	5
6344	5
6347	5
6349	5
6353	5
6357	5
6359	5
6362	5
6363	5
6371	5
6387	5
6390	5
6398	5
6400	5
6405	5
6409	5
6411	5
6420	5
6421	5
6431	5
6435	5
6436	5
6440	5
6448	5
6451	5
6459	5
6460	5
6478	5
6480	5
6481	5
6484	5
6485	5
6488	5
6493	5
6498	5
6502	5
6509	5
6525	5
6528	5
6535	5
6548	5
6551	5
6560	5
6568	5
6572	5
6576	5
6577	5
6580	5
6607	5
6616	5
6628	5
6645	5
6648	5
6657	5
6664	5
6668	5
6671	5
6679	5
6681	5
6685	5
6686	5
6687	5
6690	5
6691	5
6694	5
6698	5
6703	5
6714	5
6716	5
6727	5
6729	5
6730	5
6732	5
6734	5
6736	5
6737	5
6744	5
6762	5
6771	5
6793	5
6798	5
6801	5
6802	5
6810	5
6811	5
6813	5
6815	5
6816	5
6817	5
6826	5
6831	5
6834	5
6846	5
6848	5
6849	5
6850	5
6851	5
6855	5
6862	5
6864	5
6871	5
6872	5
6879	5
6889	5
6898	5
6904	5
6909	5
6916	5
6917	5
6930	5
6931	5
6934	5
6937	5
6941	5
6950	5
6954	5
6955	5
6956	5
6961	5
6967	5
6968	5
6974	5
6977	5
6978	5
6985	5
6996	5
6998	5
7002	5
7005	5
7009	5
7013	5
7018	5
7020	5
7026	5
7028	5
7031	5
7032	5
7034	5
7037	5
7039	5
7041	5
7043	5
7047	5
7050	5
7054	5
7055	5
7060	5
7064	5
7068	5
7071	5
7077	5
7087	5
7089	5
7091	5
7100	5
7101	5
7111	5
7122	5
7123	5
7124	5
7134	5
7136	5
7138	5
7139	5
7144	5
7146	5
7150	5
7154	5
7162	5
7168	5
7171	5
7175	5
7181	5
7183	5
7193	5
7194	5
7196	5
7198	5
7205	5
7206	5
7211	5
7225	5
7227	5
7229	5
7242	5
7246	5
7255	5
7259	5
7267	5
7268	5
7269	5
7270	5
7272	5
7277	5
7292	5
7306	5
7307	5
7308	5
7316	5
7317	5
7323	5
7330	5
7332	5
7339	5
7350	5
7351	5
7353	5
7359	5
7360	5
7362	5
7366	5
7367	5
7368	5
7379	5
7381	5
7386	5
7393	5
7412	5
7419	5
7422	5
7432	5
7433	5
7436	5
7440	5
7441	5
7443	5
7445	5
7445	5
7447	5
7452	5
7453	5
7459	5
7463	5
7485	5
7490	5
7496	5
7498	5
7504	5
7510	5
7517	5
7526	5
7532	5
7534	5
7536	5
7540	5
7544	5
7545	5
7557	5
7558	5
7559	5
7561	5
7594	5
7608	5
7609	5
7613	5
7619	5
7621	5
7639	5
7649	5
7661	5
7663	5
7664	5
7677	5
7688	5
7694	5
7714	5
7716	5
7717	5
7718	5
7719	5
7722	5
7730	5
7730	5
7746	5
7749	5
7753	5
7754	5
7758	5
7764	5
7765	5
7768	5
7771	5
7776	5
7781	5
7786	5
7792	5
7793	5
7799	5
7805	5
7814	5
7819	5
7820	5
7828	5
7831	5
7834	5
7841	5
7852	5
7857	5
7861	5
7863	5
7876	5
7894	5
7898	5
7904	5
7905	5
7908	5
7925	5
7939	5
7940	5
7967	5
7978	5
7979	5
7991	5
7999	5
8004	5
8005	5
8019	5
8021	5
8022	5
8024	5
8027	5
8028	5
8032	5
8035	5
8039	5
8046	5
8048	5
8063	5
8070	5
8072	5
8074	5
8076	5
8078	5
8081	5
8090	5
8091	5
8099	5
8100	5
8106	5
8109	5
8126	5
8127	5
8129	5
8138	5
8141	5
8152	5
8154	5
8155	5
8156	5
8158	5
8160	5
8185	5
8187	5
8193	5
8194	5
8202	5
8207	5
8228	5
8233	5
8243	5
8251	5
8253	5
8261	5
8262	5
8263	5
8269	5
8271	5
8276	5
8280	5
8297	5
8301	5
8304	5
8305	5
8309	5
8310	5
8312	5
8327	5
8329	5
8333	5
8334	5
8335	5
8344	5
8359	5
8363	5
8367	5
8370	5
8371	5
8383	5
8398	5
8407	5
8419	5
8580	5
8581	5
8602	5
8606	5
8612	5
8613	5
8616	5
8617	5
8618	5
8619	5
8625	5
8627	5
8630	5
8634	5
8635	5
8640	5
8642	5
8650	5
8651	5
8652	5
8665	5
8667	5
8668	5
8669	5
8674	5
8679	5
8680	5
8700	5
8701	5
8718	5
8719	5
8723	5
8731	5
8745	5
8751	5
8752	5
8753	5
8753	5
8754	5
8754	5
8757	5
8761	5
8763	5
8764	5
8792	5
8793	5
8806	5
8816	5
8821	5
8823	5
8828	5
8837	5
8842	5
8851	5
8852	5
8854	5
8857	5
8877	5
8881	5
8883	5
8888	5
8892	5
8913	5
8923	5
8924	5
8925	5
8928	5
8937	5
8942	5
8946	5
8947	5
8948	5
8953	5
8954	5
8957	5
8959	5
8962	5
8963	5
8969	5
8970	5
8980	5
8984	5
8988	5
8990	5
8991	5
8992	5
8994	5
9050	5
9052	5
9066	5
9068	5
9074	5
9078	5
9084	5
9085	5
9087	5
9089	5
9090	5
9092	5
9098	5
9111	5
9113	5
9116	5
9119	5
9130	5
9134	5
9137	5
9148	5
9150	5
9159	5
9160	5
9164	5
9167	5
9178	5
9183	5
9188	5
9192	5
9193	5
9196	5
9202	5
9204	5
9207	5
9208	5
9212	5
9222	5
9225	5
9229	5
9233	5
9236	5
9237	5
9240	5
9241	5
9242	5
9248	5
9252	5
9253	5
9264	5
9268	5
9270	5
9272	5
9273	5
9278	5
9280	5
9291	5
9297	5
9299	5
9306	5
9311	5
9314	5
9322	5
9324	5
9333	5
9337	5
9339	5
9342	5
9345	5
9349	5
9356	5
9369	5
9370	5
9373	5
9374	5
9376	5
9377	5
9378	5
9381	5
9382	5
9400	5
9402	5
9404	5
9405	5
9406	5
9408	5
9411	5
9415	5
9417	5
9421	5
9431	5
9436	5
9443	5
9455	5
9462	5
9463	5
9472	5
9475	5
9477	5
9484	5
9492	5
9493	5
9497	5
9501	5
9608	5
9610	5
9636	5
9645	5
9655	5
9667	5
9668	5
9669	5
9676	5
9680	5
9693	5
9694	5
9707	5
9711	5
9715	5
9718	5
9721	5
9725	5
9727	5
9729	5
9730	5
9738	5
9747	5
9749	5
9754	5
9758	5
9763	5
9778	5
9853	5
9860	5
9865	5
9868	5
9870	5
9882	5
9888	5
9891	5
9896	5
9903	5
9917	5
9918	5
9920	5
9924	5
9927	5
9931	5
9945	5
9952	5
9953	5
9958	5
9977	5
9983	5
10001	5
10007	5
10008	5
10010	5
10014	5
10016	5
10017	5
10020	5
10024	5
10025	5
10027	5
10031	5
10032	5
10036	5
10039	5
10043	5
10054	5
10055	5
10060	5
10064	5
10067	5
10071	5
10074	5
10076	5
10077	5
10082	5
10093	5
10100	5
10125	5
10129	5
10130	5
10133	5
10263	5
10275	5
10277	5
10286	5
10292	5
10293	5
10296	5
10299	5
10301	5
10302	5
10304	5
10305	5
10310	5
10318	5
10322	5
10325	5
10327	5
10342	5
10344	5
10356	5
10359	5
10369	5
10370	5
10375	5
10383	5
10389	5
10394	5
10398	5
10399	5
10452	5
10462	5
10469	5
10474	5
10484	5
10485	5
10487	5
10488	5
10491	5
10502	5
10503	5
10506	5
10513	5
10518	5
10535	5
10544	5
10567	5
10590	5
10592	5
10607	5
10614	5
10658	5
10668	5
10671	5
10687	5
10690	5
10697	5
10711	5
10714	5
10725	5
10726	5
10727	5
10729	5
10745	5
10754	5
10759	5
10768	5
10771	5
10776	5
10798	5
10802	5
10811	5
10812	5
10813	5
10815	5
10817	5
10820	5
10822	5
10831	5
10834	5
10837	5
10841	5
10843	5
10847	5
10848	5
10898	5
10900	5
10907	5
10919	5
10930	5
10938	5
10943	5
10947	5
10955	5
10960	5
10962	5
10963	5
10964	5
10972	5
10978	5
10981	5
10986	5
10990	5
10992	5
10998	5
11008	5
11029	5
11047	5
11049	5
11050	5
11054	5
11060	5
11063	5
11068	5
11078	5
11097	5
11101	5
11107	5
11112	5
11118	5
11121	5
11135	5
11138	5
11145	5
11158	5
11166	5
11168	5
11170	5
11171	5
11182	5
11192	5
11193	5
11199	5
11203	5
11208	5
11213	5
11220	5
11222	5
11224	5
11233	5
11238	5
11240	5
11241	5
11244	5
11250	5
11264	5
11273	5
11289	5
11291	5
11295	5
11297	5
11304	5
11307	5
11331	5
11342	5
11354	5
11357	5
11358	5
11363	5
11365	5
11368	5
11371	5
11382	5
11383	5
11384	5
11388	5
11402	5
11406	5
11411	5
11423	5
11426	5
11439	5
11440	5
11448	5
11450	5
11460	5
11467	5
11474	5
11477	5
11502	5
11504	5
11508	5
11509	5
11510	5
11513	5
11520	5
11530	5
11540	5
11541	5
11553	5
11557	5
11564	5
11567	5
11572	5
11573	5
11579	5
11580	5
11584	5
11595	5
11607	5
11608	5
11611	5
11614	5
11616	5
11618	5
11628	5
11629	5
11641	5
11646	5
11649	5
11652	5
11658	5
11660	5
11664	5
11665	5
11669	5
11671	5
11677	5
11678	5
11679	5
11684	5
11689	5
11691	5
11694	5
11696	5
11699	5
11700	5
11701	5
11702	5
11703	5
11711	5
11721	5
11722	5
11740	5
11746	5
11750	5
11752	5
11753	5
11756	5
11758	5
11762	5
11764	5
11765	5
11770	5
11777	5
11778	5
11780	5
11782	5
11785	5
11786	5
11788	5
11790	5
11791	5
11799	5
11802	5
11805	5
11817	5
11819	5
11821	5
11822	5
11824	5
11849	5
11856	5
11862	5
11866	5
11868	5
11872	5
11889	5
11891	5
11897	5
11899	5
11901	5
11906	5
11917	5
11922	5
11923	5
11927	5
11928	5
11931	5
11932	5
11937	5
11938	5
11946	5
11950	5
11989	5
11991	5
11992	5
11993	5
11994	5
12001	5
12006	5
12008	5
12009	5
12011	5
12014	5
12015	5
12016	5
12027	5
12030	5
12031	5
12033	5
12034	5
12047	5
12050	5
12056	5
12078	5
12081	5
12082	5
12084	5
12085	5
12087	5
12088	5
12089	5
12090	5
12091	5
12094	5
12095	5
12099	5
12115	5
12118	5
12120	5
12125	5
12126	5
12133	5
12141	5
12145	5
12146	5
12147	5
12151	5
12152	5
12155	5
12157	5
12159	5
12161	5
12165	5
12167	5
12171	5
12181	5
12184	5
12208	5
12211	5
12213	5
12214	5
12215	5
12217	5
12218	5
12220	5
12228	5
12240	5
12242	5
12245	5
12246	5
12249	5
12254	5
12255	5
12259	5
12262	5
12263	5
12265	5
12266	5
12272	5
12273	5
12282	5
12283	5
12295	5
12297	5
12299	5
12300	5
12311	5
12313	5
12317	5
12318	5
12320	5
12321	5
12328	5
12338	5
12358	5
12360	5
12366	5
12370	5
12373	5
12375	5
12378	5
12386	5
12389	5
12397	5
12399	5
12401	5
12405	5
12406	5
12408	5
12411	5
12425	5
12430	5
12431	5
12436	5
12438	5
12441	5
12457	5
12458	5
12473	5
12487	5
12491	5
12494	5
12501	5
12503	5
12510	5
12512	5
12526	5
12541	5
12547	5
12557	5
12566	5
12568	5
12572	5
12584	5
12604	5
12614	5
12636	5
12641	5
12642	5
12645	5
12652	5
12653	5
12661	5
12662	5
12673	5
12674	5
12686	5
12701	5
12703	5
12708	5
12722	5
12724	5
12725	5
12727	5
12728	5
12731	5
12740	5
12741	5
12757	5
12765	5
12767	5
12773	5
12778	5
12779	5
12786	5
12796	5
12800	5
12801	5
12807	5
12812	5
12815	5
12818	5
12824	5
12832	5
12834	5
12837	5
12839	5
12841	5
12845	5
12846	5
12847	5
12850	5
12854	5
12860	5
12863	5
12870	5
12872	5
12877	5
12878	5
12879	5
12880	5
12897	5
12901	5
12903	5
12908	5
12933	5
12937	5
12943	5
12944	5
12946	5
12950	5
12959	5
12964	5
12970	5
12974	5
12983	5
12989	5
12992	5
12993	5
12996	5
12998	5
13001	5
13009	5
13026	5
13030	5
13036	5
13037	5
13040	5
13044	5
13059	5
13060	5
13062	5
13073	5
13075	5
13079	5
13080	5
13092	5
13097	5
13104	5
13108	5
13118	5
13142	5
13145	5
13148	5
13159	5
13163	5
13180	5
13182	5
13197	5
13203	5
13210	5
13212	5
13213	5
13220	5
13221	5
13237	5
13247	5
13253	5
13256	5
13257	5
13259	5
13261	5
13263	5
13267	5
13268	5
13269	5
13276	5
13286	5
13288	5
13294	5
13296	5
13297	5
13303	5
13304	5
13307	5
13309	5
13313	5
13323	5
13329	5
13337	5
13342	5
13354	5
13359	5
13366	5
13371	5
13376	5
13379	5
13382	5
13385	5
13395	5
13397	5
13399	5
13411	5
13412	5
13414	5
13422	5
13430	5
13440	5
13445	5
13446	5
13453	5
13460	5
13463	5
13464	5
13466	5
13480	5
13482	5
13492	5
13504	5
13514	5
13519	5
13521	5
13530	5
13531	5
13538	5
13539	5
13542	5
13545	5
13549	5
13549	5
13558	5
13561	5
13569	5
13580	5
13594	5
13603	5
13606	5
13611	5
13614	5
13622	5
13624	5
13626	5
13627	5
13642	5
13645	5
13652	5
13658	5
13667	5
13669	5
13670	5
13681	5
13682	5
13694	5
13697	5
13700	5
13703	5
13704	5
13706	5
13709	5
13715	5
13718	5
13722	5
13724	5
13726	5
13728	5
13730	5
13731	5
13737	5
13749	5
13750	5
13753	5
13754	5
13777	5
13779	5
13784	5
13787	5
13796	5
13797	5
13798	5
13802	5
13804	5
13805	5
13814	5
13815	5
13828	5
13835	5
13841	5
13842	5
13845	5
13852	5
13854	5
13869	5
13871	5
13892	5
13903	5
13908	5
13911	5
13915	5
13917	5
13922	5
13924	5
13928	5
13931	5
13938	5
13945	5
13949	5
13960	5
13974	5
13983	5
14008	5
14013	5
14026	5
14028	5
14029	5
14030	5
14032	5
14034	5
14037	5
14064	5
14067	5
14069	5
14070	5
14073	5
14077	5
14093	5
14097	5
14099	5
14102	5
14111	5
14116	5
14121	5
14124	5
14127	5
14132	5
14135	5
14139	5
14146	5
14177	5
14186	5
14189	5
14192	5
14195	5
14197	5
14199	5
14200	5
14201	5
14202	5
14205	5
14222	5
14246	5
14248	5
14252	5
14254	5
14260	5
14261	5
14263	5
14296	5
14303	5
14321	5
14322	5
14326	5
14331	5
14334	5
14339	5
14340	5
14342	5
14343	5
14346	5
14352	5
14361	5
14362	5
14363	5
14368	5
14372	5
14376	5
14379	5
14390	5
14393	5
14405	5
14406	5
14409	5
14411	5
14421	5
14426	5
14428	5
14461	5
14466	5
14470	5
14471	5
14473	5
14474	5
14475	5
14479	5
14485	5
14486	5
14490	5
14496	5
14498	5
14500	5
14503	5
14509	5
14528	5
14531	5
14538	5
14539	5
14544	5
14548	5
14550	5
14551	5
14556	5
14557	5
14558	5
14561	5
14562	5
14567	5
14569	5
14570	5
14571	5
14573	5
14582	5
14584	5
14608	5
14611	5
14615	5
14616	5
14619	5
14623	5
14625	5
14626	5
14632	5
14637	5
14641	5
14647	5
14653	5
14654	5
14655	5
14656	5
14659	5
14660	5
14661	5
14664	5
14669	5
14670	5
14671	5
14674	5
14676	5
14680	5
14681	5
14682	5
14684	5
14685	5
14689	5
14690	5
14693	5
14694	5
14697	5
14711	5
14728	5
14734	5
14738	5
14743	5
14767	5
14772	5
14774	5
14785	5
14786	5
14787	5
14794	5
14796	5
14797	5
14798	5
14809	5
14812	5
14820	5
14826	5
14835	5
14836	5
14837	5
14839	5
14840	5
14841	5
14842	5
14849	5
14852	5
14854	5
14856	5
14858	5
14863	5
14864	5
14871	5
14872	5
14875	5
14876	5
14878	5
14900	5
14906	5
14919	5
14920	5
14922	5
14923	5
14928	5
14935	5
14939	5
14941	5
14942	5
14948	5
14951	5
14958	5
14959	5
14962	5
14966	5
14980	5
14983	5
14984	5
14985	5
14986	5
14987	5
14995	5
15009	5
15012	5
15014	5
15015	5
15017	5
15018	5
15020	5
15022	5
15025	5
15027	5
15043	5
15046	5
15048	5
15050	5
15054	5
15068	5
15070	5
15087	5
15095	5
15112	5
15122	5
15126	5
15134	5
15135	5
15137	5
15149	5
15152	5
15159	5
15160	5
15161	5
15162	5
15166	5
15169	5
15173	5
15176	5
15177	5
15180	5
15193	5
15210	5
15212	5
15213	5
15222	5
15229	5
15233	5
15239	5
15267	5
15276	5
15277	5
15278	5
15281	5
15289	5
15296	5
15297	5
15301	5
15302	5
15303	5
15310	5
15313	5
15315	5
15317	5
15319	5
15324	5
15326	5
15341	5
15347	5
15350	5
15358	5
15359	5
15360	5
15363	5
15364	5
15365	5
15367	5
15371	5
15373	5
15374	5
15379	5
15384	5
15386	5
15388	5
15391	5
15409	5
15412	5
15415	5
15420	5
15423	5
15427	5
15429	5
15442	5
15443	5
15448	5
15453	5
15454	5
15458	5
15480	5
15484	5
15485	5
15490	5
15495	5
15500	5
15506	5
15508	5
15516	5
15528	5
15529	5
15531	5
15532	5
15536	5
15545	5
15551	5
15553	5
15558	5
15560	5
15562	5
15568	5
15574	5
15575	5
15587	5
15616	5
15617	5
15627	5
15629	5
15635	5
15642	5
15646	5
15647	5
15656	5
15657	5
15660	5
15669	5
15671	5
15678	5
15680	5
15686	5
15687	5
15723	5
15744	5
15752	5
15756	5
15764	5
15780	5
15781	5
15784	5
15790	5
15801	5
15802	5
15807	5
15821	5
15829	5
15830	5
15833	5
15848	5
15864	5
15886	5
15890	5
15894	5
15898	5
15901	5
15902	5
15904	5
15910	5
15920	5
15921	5
15924	5
15928	5
15935	5
15950	5
15957	5
15968	5
15977	5
15983	5
15985	5
15996	5
15997	5
15998	5
16016	5
16050	5
16051	5
16072	5
16074	5
16085	5
16091	5
16095	5
16098	5
16100	5
16101	5
16115	5
16117	5
16143	5
16175	5
16194	5
16200	5
16206	5
16217	5
16218	5
16220	5
16222	5
16224	5
16237	5
16252	5
16258	5
16276	5
16294	5
16295	5
16303	5
16309	5
16316	5
16329	5
16330	5
16331	5
16332	5
16342	5
16348	5
16357	5
16362	5
16375	5
16380	5
16387	5
16398	5
16400	5
16403	5
16408	5
16409	5
16412	5
16419	5
16425	5
16428	5
16433	5
16437	5
16438	5
16439	5
16444	5
16451	5
16463	5
16464	5
16469	5
16472	5
16477	5
16481	5
16483	5
16490	5
16501	5
16502	5
16509	5
16519	5
16522	5
16526	5
16536	5
16538	5
16552	5
16555	5
16557	5
16558	5
16559	5
16562	5
16570	5
16577	5
16581	5
16583	5
16585	5
16589	5
16591	5
16597	5
16609	5
16611	5
16613	5
16617	5
16619	5
16628	5
16629	5
16635	5
16639	5
16642	5
16643	5
16644	5
16650	5
16670	5
16673	5
16676	5
16680	5
16683	5
16690	5
16691	5
16692	5
16714	5
16715	5
16719	5
16720	5
16729	5
16737	5
16738	5
16739	5
16740	5
16741	5
16742	5
16744	5
16747	5
16757	5
16763	5
16766	5
16767	5
16768	5
16774	5
16783	5
16788	5
16791	5
16796	5
16801	5
16821	5
16823	5
16827	5
16828	5
16829	5
16846	5
16854	5
16863	5
16867	5
16875	5
16894	5
16907	5
16912	5
16913	5
16916	5
16920	5
16931	5
16936	5
16937	5
16939	5
16946	5
16954	5
16957	5
16964	5
16965	5
16966	5
16969	5
16970	5
16973	5
16974	5
16975	5
16981	5
16982	5
16990	5
16992	5
16993	5
17062	5
17065	5
17068	5
17077	5
17078	5
17082	5
17097	5
17098	5
17103	5
17114	5
17122	5
17124	5
17126	5
17127	5
17129	5
17138	5
17143	5
17144	5
17153	5
17155	5
17159	5
17161	5
17170	5
17171	5
17172	5
17180	5
17183	5
17185	5
17191	5
17195	5
17197	5
17203	5
17204	5
17208	5
17213	5
17233	5
17237	5
17238	5
17240	5
17243	5
17245	5
17250	5
17251	5
17256	5
17262	5
17269	5
17279	5
17293	5
17298	5
17312	5
17322	5
17332	5
17338	5
17345	5
17346	5
17352	5
17371	5
17372	5
17380	5
17388	5
17389	5
17391	5
17394	5
17403	5
17409	5
17411	5
17416	5
17421	5
17422	5
17427	5
17442	5
17451	5
17458	5
17465	5
17466	5
17477	5
17490	5
17498	5
17511	5
17513	5
17517	5
17521	5
17528	5
17529	5
17536	5
17539	5
17548	5
17551	5
17553	5
17560	5
17567	5
17569	5
17576	5
17583	5
17590	5
17593	5
17594	5
17608	5
17616	5
17620	5
17624	5
17625	5
17627	5
17640	5
17644	5
17648	5
17660	5
17661	5
17662	5
17669	5
17689	5
17691	5
17693	5
17694	5
17697	5
17705	5
17708	5
17709	5
17711	5
17721	5
17740	5
17750	5
17751	5
17753	5
17754	5
17755	5
17757	5
17761	5
17763	5
17765	5
17768	5
17772	5
17778	5
17780	5
17782	5
17788	5
17806	5
17821	5
17824	5
17829	5
17835	5
17842	5
17848	5
17851	5
17872	5
17875	5
17880	5
17883	5
17892	5
17900	5
17903	5
17905	5
17908	5
17920	5
17930	5
17943	5
17945	5
17946	5
17959	5
17980	5
17981	5
18000	5
18003	5
18015	5
18016	5
18017	5
18021	5
18026	5
18029	5
18038	5
18039	5
18044	5
18046	5
18051	5
18059	5
18062	5
18068	5
18072	5
18074	5
18097	5
18101	5
18102	5
18106	5
18108	5
18114	5
18115	5
18118	5
18119	5
18120	5
18121	5
18123	5
18124	5
18125	5
18126	5
18129	5
18132	5
18133	5
18135	5
18136	5
18137	5
18139	5
18165	5
18168	5
18170	5
18174	5
18176	5
18177	5
18179	5
18183	5
18190	5
18196	5
18199	5
18200	5
18202	5
18217	5
18218	5
18224	5
18236	5
18250	5
18256	5
18257	5
18266	5
18278	5
18282	5
18284	5
18286	5
18311	5
18321	5
18352	5
18354	5
18356	5
18384	5
18396	5
33	6
132	6
133	6
138	6
139	6
145	6
153	6
155	6
165	6
167	6
193	6
213	6
219	6
220	6
221	6
222	6
227	6
244	6
248	6
263	6
269	6
420	6
425	6
433	6
463	6
471	6
472	6
479	6
480	6
492	6
505	6
532	6
545	6
643	6
644	6
656	6
707	6
729	6
751	6
752	6
753	6
755	6
758	6
784	6
807	6
915	6
919	6
978	6
994	6
1002	6
1007	6
1022	6
1023	6
1060	6
1116	6
1129	6
1158	6
1159	6
1188	6
1212	6
1213	6
1239	6
1246	6
1268	6
1276	6
1287	6
1298	6
1299	6
1300	6
1311	6
1312	6
1315	6
1329	6
1331	6
1333	6
1345	6
1353	6
1399	6
1429	6
1437	6
1469	6
1498	6
1536	6
1596	6
1608	6
1618	6
1621	6
1636	6
1656	6
1696	6
1697	6
1698	6
1722	6
1748	6
1771	6
1792	6
1822	6
1901	6
1939	6
2085	6
2106	6
2130	6
2132	6
2135	6
2157	6
2223	6
2234	6
2235	6
2255	6
2335	6
2363	6
2364	6
2368	6
2369	6
2370	6
2420	6
2426	6
2504	6
2515	6
2666	6
2687	6
2694	6
2696	6
2733	6
2735	6
2737	6
2738	6
2739	6
2741	6
2764	6
2780	6
2829	6
2861	6
2943	6
2971	6
3236	6
3246	6
3288	6
3291	6
3292	6
3319	6
3320	6
3337	6
3367	6
3380	6
3420	6
3450	6
3468	6
3504	6
3505	6
3544	6
3572	6
3573	6
3617	6
3620	6
3625	6
3642	6
3651	6
3676	6
3839	6
3842	6
3895	6
3907	6
3929	6
3939	6
3953	6
3961	6
4006	6
4055	6
4073	6
4074	6
4105	6
4182	6
4219	6
4236	6
4237	6
4241	6
4280	6
4291	6
4298	6
4320	6
4342	6
4392	6
4444	6
4511	6
4533	6
4551	6
4567	6
4598	6
4599	6
4621	6
4622	6
4633	6
4684	6
4734	6
4736	6
4748	6
4755	6
4811	6
4838	6
4848	6
4883	6
4888	6
4900	6
4935	6
4942	6
4969	6
4971	6
4977	6
4997	6
5037	6
5051	6
5074	6
5087	6
5088	6
5111	6
5120	6
5184	6
5287	6
5288	6
5326	6
5327	6
5353	6
5449	6
5511	6
5519	6
5542	6
5566	6
5603	6
5631	6
5695	6
5699	6
5711	6
5719	6
5773	6
5809	6
5818	6
5830	6
5852	6
5982	6
6019	6
6087	6
6088	6
6095	6
6097	6
6098	6
6126	6
6138	6
6210	6
6211	6
6218	6
6226	6
6258	6
6278	6
6279	6
6356	6
6379	6
6491	6
6516	6
6526	6
6591	6
6636	6
6661	6
6665	6
6776	6
6870	6
6905	6
6936	6
6939	6
6975	6
6976	6
7248	6
7262	6
7263	6
7275	6
7276	6
7309	6
7314	6
7318	6
7334	6
7448	6
7469	6
7475	6
7563	6
7567	6
7611	6
7629	6
7630	6
7660	6
7675	6
7684	6
7685	6
7702	6
7703	6
7710	6
7711	6
7757	6
7795	6
7879	6
7880	6
7896	6
7985	6
8033	6
8044	6
8053	6
8107	6
8131	6
8148	6
8214	6
8218	6
8266	6
8316	6
8328	6
8343	6
8365	6
8396	6
8426	6
8428	6
8459	6
8462	6
8509	6
8523	6
8524	6
8526	6
8536	6
8546	6
8547	6
8551	6
8596	6
8639	6
8645	6
8655	6
8656	6
8657	6
8675	6
8690	6
8691	6
8692	6
8693	6
8707	6
8735	6
8796	6
8810	6
8820	6
8826	6
8827	6
8864	6
8893	6
8906	6
8915	6
8918	6
8931	6
8967	6
8989	6
9003	6
9022	6
9026	6
9028	6
9037	6
9038	6
9039	6
9054	6
9055	6
9061	6
9062	6
9088	6
9095	6
9176	6
9177	6
9195	6
9203	6
9205	6
9206	6
9243	6
9260	6
9300	6
9305	6
9325	6
9327	6
9351	6
9386	6
9452	6
9456	6
9464	6
9468	6
9469	6
9524	6
9527	6
9528	6
9531	6
9539	6
9543	6
9554	6
9559	6
9575	6
9578	6
9594	6
9647	6
9713	6
9714	6
9751	6
9764	6
9781	6
9806	6
9813	6
9828	6
9833	6
9913	6
9946	6
9954	6
9956	6
9976	6
9993	6
10004	6
10033	6
10078	6
10085	6
10103	6
10108	6
10116	6
10119	6
10138	6
10145	6
10150	6
10178	6
10181	6
10189	6
10191	6
10198	6
10214	6
10219	6
10222	6
10241	6
10242	6
10411	6
10413	6
10434	6
10441	6
10442	6
10443	6
10446	6
10470	6
10479	6
10496	6
10498	6
10501	6
10511	6
10524	6
10530	6
10540	6
10562	6
10581	6
10617	6
10675	6
10692	6
10693	6
10694	6
10702	6
10719	6
10720	6
10742	6
10743	6
10744	6
10770	6
10780	6
10781	6
10786	6
10840	6
10852	6
10995	6
11022	6
11036	6
11037	6
11065	6
11066	6
11096	6
11169	6
11189	6
11211	6
11227	6
11230	6
11231	6
11270	6
11290	6
11310	6
11314	6
11315	6
11325	6
11330	6
11340	6
11345	6
11351	6
11352	6
11353	6
11369	6
11392	6
11394	6
11395	6
11404	6
11405	6
11412	6
11416	6
11438	6
11444	6
11451	6
11452	6
11453	6
11495	6
11496	6
11497	6
11512	6
11515	6
11525	6
11555	6
11559	6
11561	6
11562	6
11583	6
11588	6
11609	6
11633	6
11644	6
11651	6
11688	6
11729	6
11738	6
11823	6
11826	6
11841	6
11844	6
11846	6
11894	6
11895	6
11905	6
11909	6
11911	6
11912	6
11913	6
11943	6
11953	6
11958	6
11962	6
11963	6
11967	6
11972	6
11981	6
12029	6
12039	6
12073	6
12077	6
12108	6
12114	6
12180	6
12182	6
12183	6
12200	6
12201	6
12244	6
12248	6
12257	6
12274	6
12305	6
12322	6
12326	6
12354	6
12394	6
12395	6
12423	6
12476	6
12477	6
12479	6
12493	6
12506	6
12548	6
12554	6
12558	6
12561	6
12587	6
12589	6
12591	6
12592	6
12598	6
12599	6
12602	6
12603	6
12608	6
12609	6
12623	6
12664	6
12698	6
12755	6
12905	6
12912	6
12914	6
12915	6
12947	6
12973	6
12995	6
13021	6
13022	6
13051	6
13055	6
13056	6
13057	6
13066	6
13068	6
13077	6
13087	6
13088	6
13115	6
13126	6
13158	6
13174	6
13190	6
13201	6
13283	6
13316	6
13324	6
13343	6
13360	6
13362	6
13363	6
13396	6
13400	6
13590	6
13597	6
13598	6
13675	6
13692	6
13716	6
13723	6
13745	6
13767	6
13769	6
13771	6
13792	6
13793	6
13830	6
13859	6
13904	6
13912	6
13913	6
13915	6
13918	6
13921	6
13932	6
13933	6
13942	6
13943	6
13954	6
13976	6
13977	6
13982	6
14072	6
14125	6
14136	6
14162	6
14172	6
14236	6
14249	6
14282	6
14283	6
14288	6
14290	6
14291	6
14295	6
14300	6
14308	6
14309	6
14314	6
14318	6
14364	6
14399	6
14429	6
14430	6
14456	6
14482	6
14499	6
14520	6
14559	6
14583	6
14769	6
14801	6
14823	6
14829	6
14910	6
14924	6
14925	6
14944	6
15102	6
15125	6
15153	6
15157	6
15158	6
15198	6
15204	6
15263	6
15266	6
15280	6
15290	6
15351	6
15352	6
15353	6
15354	6
15399	6
15428	6
15460	6
15461	6
15462	6
15477	6
15518	6
15604	6
15605	6
15628	6
15630	6
15672	6
15729	6
15817	6
15823	6
15869	6
15870	6
15895	6
15915	6
15917	6
15971	6
15973	6
16029	6
16042	6
16059	6
16062	6
16066	6
16144	6
16163	6
16166	6
16212	6
16270	6
16271	6
16313	6
16358	6
16368	6
16379	6
16382	6
16459	6
16460	6
16480	6
16486	6
16544	6
16548	6
16604	6
16638	6
16649	6
16661	6
16662	6
16700	6
16701	6
16745	6
16778	6
16781	6
16844	6
16896	6
17000	6
17010	6
17012	6
17013	6
17014	6
17020	6
17025	6
17027	6
17028	6
17038	6
17069	6
17070	6
17167	6
17169	6
17214	6
17219	6
17522	6
17554	6
17555	6
17645	6
17646	6
17676	6
17690	6
17729	6
17791	6
17809	6
17811	6
17812	6
17849	6
17852	6
17853	6
17984	6
18033	6
18130	6
18162	6
18163	6
18192	6
18265	6
18270	6
18385	6
269	7
397	7
736	7
739	7
1025	7
1094	7
1159	7
1227	7
1277	7
1283	7
1284	7
1286	7
1302	7
1310	7
1311	7
1312	7
1319	7
1335	7
1345	7
1621	7
1769	7
1864	7
1865	7
1866	7
1901	7
2112	7
2157	7
2231	7
2684	7
2714	7
2715	7
2957	7
3126	7
3220	7
3231	7
3459	7
3460	7
3600	7
3618	7
3626	7
3633	7
3634	7
3654	7
3667	7
3668	7
3723	7
3842	7
3952	7
3953	7
3975	7
4096	7
4206	7
4208	7
4222	7
4223	7
4289	7
4309	7
4310	7
4319	7
4470	7
4524	7
4525	7
4631	7
4633	7
4669	7
4735	7
4739	7
4740	7
4801	7
4874	7
4966	7
4967	7
4968	7
4969	7
5353	7
5516	7
5763	7
5773	7
5777	7
5818	7
5922	7
6124	7
6131	7
6143	7
6450	7
6808	7
7287	7
7288	7
7289	7
7290	7
7291	7
7292	7
7293	7
7294	7
7295	7
7296	7
7297	7
7457	7
7478	7
7587	7
7599	7
7775	7
7900	7
8260	7
8440	7
8455	7
8493	7
8543	7
8544	7
8781	7
8784	7
8916	7
8926	7
9203	7
9360	7
9403	7
9578	7
9800	7
9828	7
9844	7
10011	7
10048	7
10147	7
10148	7
10149	7
10150	7
10413	7
10434	7
10435	7
10472	7
10539	7
10612	7
10751	7
10839	7
10877	7
10878	7
11198	7
11275	7
11316	7
11343	7
11644	7
11759	7
11760	7
11813	7
11963	7
11981	7
12463	7
12755	7
12762	7
13206	7
13207	7
13208	7
13375	7
13636	7
13760	7
13761	7
13762	7
13763	7
13764	7
13765	7
13766	7
13767	7
13768	7
14172	7
14237	7
14277	7
14282	7
14289	7
14290	7
14314	7
14667	7
14768	7
14813	7
14964	7
15055	7
15060	7
15061	7
15062	7
15063	7
15153	7
15280	7
15492	7
15502	7
15596	7
15601	7
15648	7
15823	7
15873	7
15936	7
15958	7
16000	7
16001	7
16002	7
16020	7
16021	7
16022	7
16023	7
16024	7
16025	7
16026	7
16027	7
16028	7
16029	7
16030	7
16031	7
16032	7
16033	7
16034	7
16035	7
16036	7
16037	7
16038	7
16039	7
16040	7
16041	7
16042	7
16043	7
16044	7
16045	7
16046	7
16047	7
16048	7
16049	7
16126	7
16128	7
16140	7
16144	7
16166	7
16167	7
16168	7
16169	7
16170	7
16196	7
16270	7
16272	7
16320	7
16498	7
16508	7
16638	7
16769	7
17038	7
17045	7
17722	7
17914	7
18189	7
154	8
651	8
1108	8
1255	8
1269	8
1274	8
1288	8
1307	8
1328	8
1348	8
1359	8
1881	8
2125	8
2260	8
2295	8
2827	8
2829	8
2928	8
2956	8
2963	8
2977	8
3262	8
3641	8
3644	8
3646	8
3843	8
3853	8
3934	8
3942	8
3951	8
3971	8
4073	8
4075	8
4170	8
4330	8
4470	8
4488	8
4514	8
4526	8
4595	8
4611	8
5040	8
5594	8
6019	8
6053	8
6427	8
6496	8
6637	8
7075	8
7086	8
7110	8
7113	8
7767	8
7779	8
8246	8
8352	8
8353	8
8354	8
8355	8
8356	8
8357	8
8358	8
8359	8
8360	8
8361	8
8362	8
8363	8
8364	8
8365	8
8366	8
8367	8
8368	8
8369	8
8370	8
8371	8
8372	8
8373	8
8374	8
8413	8
8450	8
8484	8
8497	8
8499	8
8517	8
8785	8
8786	8
8787	8
9043	8
9331	8
9395	8
9397	8
9448	8
9832	8
9933	8
9940	8
9941	8
10169	8
10170	8
10171	8
10172	8
10173	8
10174	8
10175	8
10176	8
10177	8
10178	8
10179	8
10180	8
10181	8
10182	8
10183	8
10184	8
10185	8
10186	8
10187	8
10188	8
10189	8
10190	8
10191	8
10192	8
10193	8
10194	8
10195	8
10196	8
10197	8
10198	8
10199	8
10200	8
10201	8
10202	8
10203	8
10204	8
10205	8
10206	8
10207	8
10208	8
10209	8
10210	8
10211	8
10212	8
10213	8
10214	8
10215	8
10216	8
10217	8
10218	8
10219	8
10220	8
10221	8
10222	8
10223	8
10224	8
10225	8
10226	8
10227	8
10228	8
10229	8
10230	8
10231	8
10232	8
10233	8
10234	8
10235	8
10236	8
10237	8
10238	8
10239	8
10240	8
10241	8
10242	8
10243	8
10244	8
10245	8
10246	8
10247	8
10248	8
10249	8
10250	8
10251	8
10252	8
10253	8
10254	8
10255	8
10256	8
10257	8
10258	8
10259	8
10260	8
10261	8
10262	8
10263	8
10264	8
10265	8
10266	8
10267	8
10268	8
10269	8
10270	8
10271	8
10272	8
10273	8
10414	8
10617	8
10629	8
10635	8
10651	8
10652	8
10802	8
10951	8
10995	8
11119	8
11361	8
11837	8
12082	8
12648	8
12649	8
12842	8
12881	8
12922	8
13196	8
13200	8
13410	8
13468	8
13469	8
13863	8
13865	8
13866	8
13867	8
13868	8
13869	8
13870	8
13871	8
13872	8
13873	8
13874	8
13875	8
13876	8
13877	8
13878	8
13879	8
13880	8
13881	8
13896	8
14019	8
14148	8
14443	8
14610	8
14611	8
14967	8
15031	8
15813	8
15963	8
16003	8
16053	8
16054	8
16055	8
16058	8
16172	8
16289	8
16422	8
16661	8
17025	8
17297	8
17806	8
18170	8
18171	8
18172	8
18173	8
19	9
28	9
29	9
61	9
79	9
109	9
160	9
163	9
183	9
200	9
204	9
435	9
455	9
583	9
613	9
631	9
636	9
637	9
688	9
689	9
700	9
712	9
721	9
723	9
762	9
772	9
809	9
812	9
813	9
818	9
820	9
838	9
839	9
841	9
842	9
868	9
869	9
870	9
871	9
875	9
879	9
880	9
897	9
901	9
914	9
936	9
940	9
1015	9
1050	9
1122	9
1144	9
1164	9
1178	9
1185	9
1198	9
1200	9
1217	9
1336	9
1362	9
1375	9
1393	9
1394	9
1406	9
1407	9
1486	9
1533	9
1545	9
1578	9
1579	9
1580	9
1636	9
1654	9
1679	9
1732	9
1733	9
1739	9
1742	9
1750	9
1801	9
1813	9
1855	9
1856	9
1858	9
1906	9
1949	9
1965	9
1997	9
2001	9
2076	9
2163	9
2219	9
2245	9
2252	9
2266	9
2313	9
2314	9
2318	9
2321	9
2339	9
2400	9
2422	9
2439	9
2440	9
2444	9
2445	9
2469	9
2472	9
2581	9
2596	9
2616	9
2617	9
2625	9
2632	9
2772	9
2808	9
2945	9
2950	9
2968	9
2988	9
2989	9
3015	9
3020	9
3046	9
3049	9
3090	9
3113	9
3114	9
3198	9
3203	9
3294	9
3318	9
3576	9
3581	9
3592	9
3616	9
3648	9
3685	9
3687	9
3704	9
3709	9
3717	9
3718	9
3719	9
3722	9
3727	9
3730	9
3733	9
3734	9
3735	9
3736	9
3737	9
3787	9
3789	9
3796	9
3799	9
3826	9
3831	9
3833	9
3836	9
3847	9
3854	9
3857	9
3892	9
3900	9
3917	9
3920	9
3944	9
3994	9
4014	9
4069	9
4098	9
4123	9
4129	9
4130	9
4278	9
4519	9
4575	9
4592	9
4610	9
4681	9
4701	9
4716	9
4761	9
4785	9
4787	9
4817	9
4832	9
4834	9
4849	9
4858	9
4858	9
4867	9
4881	9
4882	9
4909	9
4990	9
5000	9
5043	9
5068	9
5124	9
5132	9
5133	9
5135	9
5145	9
5150	9
5159	9
5167	9
5181	9
5230	9
5232	9
5233	9
5234	9
5235	9
5236	9
5242	9
5245	9
5246	9
5250	9
5251	9
5251	9
5252	9
5258	9
5261	9
5335	9
5383	9
5386	9
5392	9
5427	9
5483	9
5555	9
5556	9
5679	9
5727	9
5728	9
5824	9
5876	9
5946	9
5972	9
5975	9
5978	9
6022	9
6025	9
6026	9
6054	9
6068	9
6080	9
6161	9
6162	9
6452	9
6455	9
6466	9
6470	9
6471	9
6473	9
6474	9
6476	9
6477	9
6489	9
6501	9
6555	9
6556	9
6558	9
6605	9
6612	9
6710	9
6914	9
7000	9
7014	9
7056	9
7058	9
7065	9
7073	9
7088	9
7117	9
7202	9
7207	9
7208	9
7226	9
7230	9
7231	9
7233	9
7236	9
7237	9
7261	9
7342	9
7352	9
7355	9
7356	9
7395	9
7398	9
7399	9
7400	9
7401	9
7402	9
7409	9
7415	9
7462	9
7465	9
7466	9
7467	9
7468	9
7479	9
7505	9
7527	9
7533	9
7550	9
7555	9
7556	9
7641	9
7644	9
7658	9
7679	9
7687	9
7689	9
7723	9
7735	9
7737	9
7766	9
7783	9
7784	9
7808	9
7809	9
7829	9
7840	9
7846	9
7902	9
7958	9
7959	9
7973	9
7986	9
8002	9
8013	9
8016	9
8087	9
8130	9
8190	9
8232	9
8235	9
8241	9
8245	9
8284	9
8314	9
8349	9
8393	9
8394	9
8395	9
8453	9
8604	9
8610	9
8748	9
8758	9
8795	9
8832	9
8859	9
8874	9
8879	9
8891	9
8935	9
8938	9
8940	9
9008	9
9016	9
9057	9
9069	9
9107	9
9108	9
9115	9
9118	9
9121	9
9122	9
9135	9
9157	9
9170	9
9182	9
9185	9
9213	9
9215	9
9231	9
9271	9
9272	9
9292	9
9320	9
9344	9
9407	9
9429	9
9440	9
9472	9
9488	9
9502	9
9503	9
9520	9
9566	9
9619	9
9620	9
9631	9
9635	9
9679	9
9683	9
9684	9
9689	9
9690	9
9692	9
9716	9
9735	9
9744	9
9746	9
9759	9
9802	9
9866	9
9925	9
9930	9
9932	9
9937	9
9939	9
9944	9
9996	9
10047	9
10056	9
10068	9
10094	9
10122	9
10278	9
10311	9
10316	9
10326	9
10374	9
10419	9
10431	9
10464	9
10466	9
10476	9
10482	9
10483	9
10553	9
10566	9
10585	9
10750	9
10758	9
10796	9
10797	9
10808	9
10819	9
10824	9
10845	9
10846	9
10849	9
10859	9
10889	9
10891	9
10894	9
10905	9
10935	9
10961	9
10973	9
10974	9
10985	9
11016	9
11019	9
11028	9
11079	9
11102	9
11110	9
11177	9
11180	9
11186	9
11265	9
11374	9
11379	9
11380	9
11381	9
11414	9
11472	9
11473	9
11482	9
11543	9
11546	9
11552	9
11613	9
11632	9
11661	9
11749	9
11757	9
11768	9
11775	9
11779	9
11847	9
11929	9
11951	9
12000	9
12061	9
12100	9
12102	9
12103	9
12107	9
12134	9
12142	9
12148	9
12175	9
12224	9
12275	9
12276	9
12279	9
12301	9
12302	9
12303	9
12309	9
12314	9
12315	9
12324	9
12330	9
12331	9
12332	9
12341	9
12345	9
12348	9
12387	9
12480	9
12523	9
12529	9
12624	9
12659	9
12680	9
12729	9
12748	9
12751	9
12761	9
12770	9
12788	9
12789	9
12790	9
12791	9
12861	9
12862	9
12866	9
12871	9
12906	9
12926	9
12932	9
12961	9
12962	9
12963	9
12965	9
12966	9
12967	9
12968	9
12971	9
12978	9
12979	9
12980	9
13039	9
13098	9
13101	9
13137	9
13138	9
13164	9
13179	9
13204	9
13235	9
13238	9
13246	9
13250	9
13270	9
13271	9
13272	9
13273	9
13279	9
13287	9
13322	9
13327	9
13338	9
13403	9
13406	9
13408	9
13417	9
13425	9
13428	9
13432	9
13433	9
13435	9
13442	9
13444	9
13456	9
13459	9
13477	9
13478	9
13484	9
13485	9
13486	9
13489	9
13490	9
13491	9
13493	9
13494	9
13495	9
13498	9
13501	9
13506	9
13509	9
13515	9
13525	9
13527	9
13528	9
13546	9
13560	9
13577	9
13647	9
13648	9
13655	9
13662	9
13680	9
13696	9
13698	9
13727	9
13729	9
13736	9
13739	9
13744	9
13782	9
13790	9
13800	9
13801	9
13807	9
13808	9
13812	9
13813	9
13855	9
13856	9
13857	9
13867	9
13890	9
14021	9
14022	9
14057	9
14076	9
14081	9
14137	9
14143	9
14244	9
14308	9
14345	9
14404	9
14410	9
14424	9
14540	9
14543	9
14545	9
14546	9
14552	9
14553	9
14597	9
14613	9
14634	9
14635	9
14698	9
14699	9
14701	9
14736	9
14779	9
14847	9
14974	9
14975	9
14993	9
15056	9
15184	9
15235	9
15241	9
15242	9
15244	9
15283	9
15320	9
15392	9
15425	9
15511	9
15613	9
15637	9
15650	9
15651	9
15653	9
15661	9
15742	9
15819	9
15832	9
15836	9
15837	9
15838	9
15839	9
15840	9
15849	9
15850	9
16190	9
16191	9
16254	9
16264	9
16305	9
16374	9
16446	9
16545	9
16588	9
16599	9
16603	9
16604	9
16605	9
16606	9
16607	9
16608	9
16694	9
16727	9
16760	9
16789	9
16819	9
16839	9
16906	9
16909	9
17246	9
17248	9
17249	9
17253	9
17305	9
17321	9
17327	9
17339	9
17377	9
17381	9
17393	9
17402	9
17435	9
17439	9
17440	9
17449	9
17450	9
17459	9
17460	9
17467	9
17469	9
17475	9
17476	9
17483	9
17484	9
17485	9
17497	9
17504	9
17522	9
17523	9
17524	9
17527	9
17535	9
17538	9
17544	9
17606	9
17611	9
17623	9
17630	9
17650	9
17707	9
17708	9
17734	9
17738	9
17747	9
17784	9
17785	9
17799	9
17858	9
17859	9
17861	9
17899	9
17916	9
17919	9
17942	9
17963	9
18022	9
18023	9
18025	9
18030	9
18032	9
18041	9
18042	9
18043	9
18048	9
18049	9
18056	9
18058	9
18060	9
18061	9
18064	9
18067	9
18081	9
18082	9
18083	9
18085	9
18087	9
18088	9
18094	9
18103	9
18104	9
18107	9
18111	9
18112	9
18113	9
18144	9
10	10
742	10
938	10
995	10
1307	10
1342	10
1500	10
1970	10
2242	10
2393	10
2394	10
2591	10
2977	10
3055	10
3594	10
3691	10
3692	10
3694	10
3695	10
3696	10
3935	10
4238	10
4738	10
5066	10
5067	10
5068	10
5069	10
5070	10
5071	10
5072	10
5073	10
5074	10
5075	10
5076	10
5077	10
5078	10
5079	10
5080	10
5081	10
5082	10
5083	10
5084	10
5085	10
5086	10
5087	10
5088	10
5089	10
5090	10
5091	10
5092	10
5093	10
5094	10
5095	10
5096	10
5097	10
5098	10
5099	10
5100	10
5101	10
5102	10
5103	10
5104	10
5105	10
5106	10
5107	10
5108	10
5109	10
5110	10
5111	10
5112	10
5113	10
5114	10
5115	10
5116	10
5117	10
5118	10
5119	10
5120	10
5121	10
5122	10
5832	10
6063	10
7472	10
7581	10
7750	10
7974	10
8401	10
8416	10
8448	10
8503	10
8564	10
8861	10
8882	10
8907	10
8951	10
8986	10
8987	10
9015	10
9283	10
9389	10
9390	10
9391	10
9392	10
9393	10
9394	10
9395	10
9396	10
9397	10
9398	10
9399	10
9400	10
9401	10
9402	10
9439	10
9458	10
9576	10
9807	10
9840	10
10237	10
10257	10
10324	10
10337	10
10338	10
10339	10
10432	10
10623	10
10636	10
10637	10
10643	10
10653	10
10663	10
10705	10
10706	10
11038	10
11745	10
11974	10
12875	10
13089	10
13200	10
13405	10
13461	10
13462	10
13596	10
14140	10
14398	10
14400	10
14401	10
14915	10
15494	10
15591	10
15620	10
16366	10
16943	10
16944	10
17017	10
17026	10
17188	10
17189	10
17424	10
17606	10
18146	10
18147	10
22	11
69	11
601	11
622	11
639	11
938	11
1207	11
1208	11
1308	11
1347	11
1495	11
1814	11
1818	11
2118	11
2120	11
2138	11
2236	11
2237	11
2238	11
2239	11
2240	11
2262	11
2265	11
2394	11
2430	11
2466	11
2467	11
2615	11
2641	11
2784	11
2949	11
3051	11
3072	11
3192	11
3202	11
3256	11
3335	11
3340	11
3467	11
3572	11
3753	11
3832	11
3853	11
3938	11
3945	11
3949	11
4033	11
4040	11
4209	11
4226	11
4461	11
4585	11
4659	11
4778	11
4972	11
5149	11
5182	11
5568	11
6561	11
7090	11
7516	11
7543	11
7579	11
7825	11
7832	11
8095	11
8420	11
8492	11
8506	11
8589	11
8796	11
8797	11
8798	11
8799	11
8800	11
8801	11
8802	11
8803	11
8804	11
8805	11
8806	11
8807	11
8808	11
8809	11
8810	11
8811	11
8812	11
9018	11
9019	11
9042	11
9145	11
9181	11
9254	11
9255	11
9277	11
9401	11
9403	11
9550	11
9568	11
9796	11
9810	11
9812	11
9842	11
9921	11
9948	11
10351	11
10499	11
10595	11
10749	11
11105	11
11178	11
11668	11
11735	11
11739	11
11825	11
12194	11
12227	11
12826	11
13082	11
13083	11
13084	11
13085	11
13086	11
13087	11
13088	11
13089	11
13090	11
13091	11
13092	11
13121	11
13177	11
13334	11
13401	11
13402	11
13450	11
13595	11
13674	11
13710	11
13772	11
13954	11
13975	11
14010	11
14253	11
14415	11
14533	11
14534	11
14535	11
14705	11
15071	11
15121	11
15337	11
15788	11
15809	11
15816	11
16193	11
16263	11
16355	11
16468	11
17539	11
17540	11
17800	11
17937	11
18091	11
18145	11
18212	11
70	12
1099	12
2269	12
2341	12
3692	12
4663	12
7785	12
8457	12
8490	12
9804	12
9821	12
12999	12
13000	12
13554	12
13555	12
13643	12
17034	12
17290	12
17291	12
17293	12
17294	12
17917	12
33	13
409	13
469	13
475	13
489	13
490	13
720	13
808	13
822	13
916	13
981	13
988	13
1009	13
1010	13
1016	13
1025	13
1044	13
1163	13
1234	13
1241	13
1242	13
1251	13
1263	13
1266	13
1276	13
1295	13
1311	13
1313	13
1341	13
1349	13
1439	13
1470	13
1471	13
1472	13
1497	13
1582	13
1587	13
1589	13
1606	13
1632	13
1635	13
1718	13
1880	13
1905	13
1919	13
1926	13
2082	13
2111	13
2124	13
2129	13
2136	13
2140	13
2147	13
2165	13
2421	13
2497	13
2502	13
2512	13
2677	13
2679	13
2682	13
2683	13
2685	13
2742	13
2743	13
2744	13
2944	13
2953	13
2957	13
3268	13
3368	13
3370	13
3419	13
3486	13
3543	13
3550	13
3642	13
3757	13
3937	13
3956	13
3957	13
3964	13
3966	13
3967	13
3976	13
3977	13
3984	13
4010	13
4011	13
4017	13
4018	13
4067	13
4068	13
4124	13
4205	13
4209	13
4210	13
4238	13
4243	13
4244	13
4289	13
4291	13
4455	13
4524	13
4597	13
4629	13
4645	13
4841	13
4970	13
4972	13
4973	13
5071	13
5073	13
5096	13
5184	13
5200	13
5517	13
5778	13
5810	13
5812	13
5815	13
5821	13
5833	13
5922	13
5965	13
5985	13
6152	13
6495	13
7021	13
7314	13
7575	13
7576	13
7607	13
7638	13
8145	13
8476	13
8487	13
8489	13
8706	13
8800	13
8807	13
8825	13
8844	13
8894	13
8895	13
9146	13
9365	13
9391	13
9396	13
9445	13
9471	13
9507	13
9510	13
9514	13
9537	13
9538	13
9547	13
9553	13
9558	13
9560	13
9562	13
9579	13
9587	13
9589	13
9594	13
9611	13
9652	13
9656	13
9705	13
9715	13
9772	13
9780	13
9797	13
9817	13
9839	13
9861	13
9864	13
9946	13
10075	13
10117	13
10170	13
10175	13
10186	13
10196	13
10247	13
10252	13
10258	13
10268	13
10284	13
10507	13
10525	13
10527	13
10578	13
10756	13
10786	13
10791	13
10799	13
10814	13
10953	13
11280	13
11560	13
11663	13
11818	13
11823	13
11826	13
11833	13
11910	13
11964	13
11983	13
12037	13
12072	13
12178	13
12199	13
12203	13
12306	13
12307	13
12495	13
12535	13
12714	13
12754	13
12763	13
12798	13
12917	13
13047	13
13049	13
13206	13
13208	13
13222	13
13277	13
13326	13
13584	13
13586	13
13587	13
13599	13
13600	13
13620	13
13686	13
13770	13
13820	13
13821	13
13822	13
13861	13
13866	13
13884	13
13982	13
14216	13
14234	13
14262	13
14281	13
14282	13
14283	13
14284	13
14285	13
14286	13
14287	13
14309	13
14412	13
14762	13
14881	13
15209	13
15327	13
15440	13
15512	13
15593	13
15594	13
15595	13
15596	13
15597	13
15598	13
15599	13
15880	13
16041	13
16070	13
16147	13
16148	13
16174	13
16263	13
16376	13
16391	13
16618	13
16661	13
17010	13
17022	13
17025	13
17030	13
17218	13
17230	13
17541	13
17803	13
17929	13